0 580.4595104016624
1 580.4350434256331
2 580.5710541715317
3 580.2349387628153
4 581.5025960542306
5 583.4889435404277
6 583.665263115081
7 583.0781954666041
8 585.3308425246295
9 586.722830866866
10 588.951355155787
11 588.6804488982962
12 591.468453715504
13 591.0953804053077
14 591.9919501240851
15 595.0015082895416
16 596.3335540075827
17 598.0235002961153
18 599.6729771359014
19 603.5779380150908
20 605.2863838245579
21 605.932514615102
22 608.3475962419694
23 612.2514391546615
24 613.8736961468709
25 615.3805523386445
26 621.470405007984
27 621.460328249877
28 627.1783763208554
29 628.3405961288859
30 628.4309148669149
31 635.1349296145225
32 635.8473421501267
33 640.8762799215307
34 641.6248266264802
35 642.2193698770993
36 647.1014609909065
37 648.646486502338
38 651.9532283549246
39 655.0086189877198
40 656.0746190505234
41 659.4458110987187
42 659.9372440118245
43 657.3902608710778
44 662.1402867099761
45 662.0868415571554
46 667.0256121392187
47 668.1519945922435
48 669.7001221119472
49 673.3868475020316
50 673.1564292181947
51 673.5998689907858
52 678.6026865176035
53 684.6709656715732
54 687.5901617668904
55 692.6660914309032
56 695.8132198837907
57 706.1784560818369
58 713.9017928103809
59 707.9963251543311
60 714.1183170605126
61 720.1537489118933
62 740.6167771051054
63 740.3812080415137
64 748.6811202018321
65 758.8990830071199
66 764.0007279902935
67 770.3635081542345
68 790.8433686096845
69 798.6677713119207
70 809.4631136236563
71 822.1483885400169
72 832.36848647069
73 844.7620760857757
74 859.9566190182355
75 865.0365334298278
76 886.5134002888955
77 894.0213645956177
78 908.1814074708493
79 925.3616434718157
80 935.8126275122248
81 958.0920024191358
82 951.3855952447202
83 977.5480923532033
84 1000.2938627685173
85 1008.3226041374068
86 1010.192978332893
87 1015.1808926091848
88 1022.1168887727316
89 1045.5523410709745
90 1063.6127685162373
91 1079.7525814868782
92 1092.5913032524131
93 1102.410867143429
94 1111.2556997502525
95 1119.2513487900837
96 1128.14666867096
97 1117.1623171063443
98 1146.2029190955143
99 1165.2753238804812
100 1169.099343996186
101 1166.6891849209155
102 1190.0193665540016
103 1194.6903227625119
104 1198.0804285303388
105 1217.3502627968478
106 1230.1880576250473
107 1261.6675290968237
108 1270.0095100631838
109 1278.2772250550893
110 1288.834680012991
111 1318.6430992187056
112 1327.0862479926332
113 1326.9673894462373
114 1320.2337060551645
115 1320.496235210918
116 1339.05488371687
117 1364.1332802252507
118 1369.572099371774
119 1374.458073601971
120 1377.4918208952104
121 1389.2181713785244
122 1384.5358031586943
123 1388.9521933529923
124 1383.4381665638489
125 1398.8425449530084
126 1410.6840216854555
127 1417.8918175976855
128 1419.711394844033
129 1408.3196181870553
130 1408.3415878522728
131 1408.3415878522728
132 1408.3415878522728
133 1408.3415878522728
134 1421.2286703948641
135 1420.8564017404915
136 1416.172198825811
137 1408.8606865679926
138 1410.2857015496515
139 1398.3355303575722
140 1403.3600342871357
141 1381.9592007671156
142 1387.7615282463423
143 1385.6810133926201
144 1385.1106129104849
145 1387.8279171968518
146 1387.7801362092052
147 1381.9592007671156
148 1383.7955310534603
149 1397.3652609624123
150 1398.8425449530084
151 1406.7794254345285
152 1409.659988592599
153 1408.5940521862829
154 1409.659988592599
155 1406.7794254345285
156 1405.8981299396087
157 1396.3948767192235
158 1397.6720722513262
159 1383.7955310534603
160 1383.4303749633652
161 1383.4303749633652
162 1383.6808928367197
163 1402.1020022737691
164 1397.6366152607234
165 1398.0543098574096
166 1405.291308725681
167 1406.7794254345285
168 1407.4678879599478
169 1405.8981299396087
170 1398.3355303575722
171 1397.6366152607234
172 1397.661695461291
173 1397.6720722513262
174 1397.3398348010896
175 1397.6366152607234
176 1398.4968966061326
177 1398.6614348405317
178 1398.6614348405317
179 1398.3355303575722
180 1396.7897143059063
181 1397.6324809263117
182 1397.7529981831003
183 1396.3948767192235
184 1396.3948767192235
185 1397.2208478124564
186 1397.6410630274108
187 1397.437209963958
188 1397.3652609624123
189 1397.2140017064862
190 1398.412497090353
191 1398.7281515469047
192 1398.7281515469047
193 1398.412497090353
194 1397.2208478124564
195 1397.5626929323566
196 1402.1020022737691
197 1403.3600342871357
198 1397.6720722513262
199 1397.249526546131
