0 906.0217146955695
1 905.9167575666978
2 905.995340909283
3 905.3937310688268
4 907.3342511950535
5 910.3555186566637
6 911.5857318756135
7 910.1269916045434
8 913.8150582925394
9 915.6889111634443
10 920.129465985034
11 919.955051585319
12 924.3999989584215
13 923.8716951438447
14 925.8212481510607
15 930.9870055052459
16 933.5057997978256
17 936.2006173486557
18 940.4376976212816
19 946.4123949158785
20 949.8520691670714
21 951.3460548806058
22 957.1002425434585
23 963.7131539780651
24 966.1249307533565
25 969.3827038658868
26 981.1252807320549
27 981.0110560284288
28 990.7363659940407
29 992.7811405965355
30 993.1088201751118
31 1008.8216051103141
32 1010.3350913328195
33 1017.8945572229965
34 1019.9789354771746
35 1019.0721277509492
36 1030.3793229488049
37 1032.7730823895242
38 1036.439816191628
39 1040.0890412854635
40 1041.103271838288
41 1049.53982675208
42 1050.208478579423
43 1045.4201986101393
44 1051.0815745859597
45 1050.3787033794565
46 1055.0419562314764
47 1060.2444959200247
48 1061.620286200177
49 1065.275061077726
50 1064.4691137591233
51 1064.1266958509375
52 1071.437129969245
53 1079.031416241472
54 1087.418767619292
55 1094.5790318718298
56 1098.934149132254
57 1112.5323252426906
58 1124.403469019972
59 1116.8033980421962
60 1124.9285198689872
61 1135.4734516211413
62 1169.3568501941606
63 1170.7090236533566
64 1186.0442176570891
65 1198.3379594865996
66 1215.4820245360468
67 1225.8944976484725
68 1259.2347711408304
69 1280.3635975250706
70 1294.706478671284
71 1324.7835852977544
72 1342.7560746704128
73 1378.508668990041
74 1402.6640627542788
75 1413.5873096945625
76 1465.6308401033552
77 1478.4834632290053
78 1501.0903523705526
79 1534.1158274439877
80 1575.8707110767405
81 1626.4423603947246
82 1614.3873962344455
83 1657.7639046915324
84 1731.5176136284058
85 1745.8002965569901
86 1751.6017580602834
87 1762.1970572744024
88 1780.364645741208
89 1857.5802734754552
90 1883.1208343606982
91 1913.3809467346766
92 1941.74181080089
93 1961.3167690252938
94 2029.7278866611161
95 2048.827308291893
96 2068.56521049436
97 2049.045043549214
98 2101.046187973705
99 2172.62189532432
100 2181.7446889843927
101 2181.5991408612167
102 2225.4902747485244
103 2242.978447352233
104 2263.952694507921
105 2322.5885592208297
106 2346.4789943162405
107 2406.0540185892683
108 2430.7137038348014
109 2466.633920924604
110 2496.9307085766723
111 2566.923465674158
112 2586.1783369919476
113 2601.238762821229
114 2588.447650427616
115 2593.013426138724
116 2637.585315017776
117 2690.670345244075
118 2702.380918343309
119 2717.404266442362
120 2718.1267334739778
121 2743.6674641287823
122 2733.7267190971943
123 2742.5449176276406
124 2705.4828182289266
125 2746.549749548518
126 2774.205008530306
127 2787.1908103357105
128 2795.76756297169
129 2775.815876792403
130 2776.0563098401544
131 2776.0563098401544
132 2776.0563098401544
133 2776.0563098401544
134 2797.4010427698277
135 2799.851980298625
136 2782.9782496730513
137 2769.7615279921492
138 2773.288029933617
139 2746.073179275898
140 2768.876830426481
141 2702.657329927576
142 2712.2740402503173
143 2742.4450117086662
144 2749.676722594608
145 2747.7188293594227
146 2748.2046271452436
147 2740.0596361544317
148 2742.5807871873776
149 2710.625485126116
150 2702.657329927576
151 2705.9766794559687
152 2749.645475870208
153 2743.4044240311314
154 2743.3876321538
155 2743.1140304185888
156 2749.645475870208
157 2706.241439573617
158 2701.5694531924373
159 2705.5731624958994
160 2716.5940424541227
161 2705.4519535721065
162 2701.785338665819
163 2705.483798039307
164 2768.876830426481
165 2743.598148771034
166 2742.8301847192442
167 2743.598148771034
168 2768.0542622968624
169 2705.482466763134
170 2701.785338665819
171 2716.5933061041164
172 2716.6404000482485
173 2716.5940424541227
174 2701.936773857695
175 2701.7664431865564
176 2767.350974262873
177 2749.5883973805526
178 2743.259601455274
179 2749.5883973805526
180 2768.876830426481
181 2705.482466763134
182 2701.797345328694
183 2716.6404000482485
184 2716.6404000482485
185 2716.6404000482485
186 2701.936773857695
187 2701.7664431865564
188 2707.0864343912754
189 2749.5883973805526
190 2743.598148771034
191 2749.5883973805526
192 2768.876830426481
193 2705.482466763134
194 2701.797345328694
195 2716.6404000482485
196 2716.6404000482485
197 2716.6404000482485
198 2701.936773857695
199 2701.7664431865564
