0 563.4100075827874
1 563.7657918606217
2 562.8808808916856
3 568.4195733892636
4 569.2991506975001
5 569.2012455209614
6 569.8611190284124
7 570.8202966681924
8 571.9505940932374
9 575.6613102008466
10 577.5232732720898
11 578.2920962424581
12 579.3482451421521
13 583.2379747188791
14 587.2502662559766
15 588.5087926619777
16 591.0059721103058
17 596.7470446029781
18 600.2168785177042
19 604.9593427995621
20 609.8259549478269
21 614.8900810187592
22 620.2999722041974
23 622.1796270960926
24 631.9722931764156
25 638.9560465890359
26 649.315683180374
27 656.2178178753184
28 664.5552875632325
29 666.3945726795943
30 686.727965011732
31 697.459819231427
32 699.5892230781083
33 714.0486976347281
34 714.4192039866858
35 756.8382204160232
36 756.7562635762175
37 759.7234602572985
38 776.1563243062626
39 777.1296853368426
40 790.058058756213
41 815.6130469878442
42 816.9262830574122
43 818.010055345119
44 828.4585496099073
45 837.7606683847281
46 841.3331947963156
47 862.3494255810825
48 863.9982316431901
49 866.399073117853
50 878.8758138044825
51 879.9721935588569
52 881.6264076034682
53 885.3036534294979
54 893.7658147898779
55 910.4929790479704
56 919.1395084091894
57 928.2093059144139
58 929.4741137078158
59 938.6730494864428
60 943.1154186148759
61 947.8862231960742
62 957.0355566000462
63 968.9311412679272
64 988.5743438389864
65 1000.2119097270431
66 1008.0138805646825
67 1022.3197811252778
68 1028.817709767566
69 1045.5916429310382
70 1046.332192911194
71 1070.9008405010995
72 1074.066721125624
73 1094.5924647766096
74 1115.8438486498937
75 1127.9740640044308
76 1145.085945541816
77 1152.690842815156
78 1157.2183473813989
79 1185.5256350267657
80 1215.019553065133
81 1227.4758143716665
82 1240.8956825831024
83 1266.3866884572744
84 1299.201294307723
85 1322.4959153997272
86 1347.1094089027108
87 1364.8003230504364
88 1418.3436294934586
89 1428.6399367085587
90 1464.0999722567742
91 1469.7967170036757
92 1510.7427184001122
93 1563.7678251525786
94 1560.8741841336148
95 1582.8800192644467
96 1641.166126732602
97 1661.9565129215582
98 1673.9306126458127
99 1731.8135318740904
100 1731.3819763017068
101 1781.6369798334947
102 1856.224238655078
103 1873.4666664877802
104 1885.052797488289
105 1930.3485006782973
106 1947.1943292436304
107 1975.6874463461872
108 2007.1578672925496
109 2045.8597315063987
110 2050.184582053576
111 2080.0117690942734
112 2091.5226863193902
113 2118.367520310009
114 2136.8011383362527
115 2156.704101849993
116 2131.6411730847376
117 2167.4096105831586
118 2187.04459611289
119 2141.0345826375506
120 2174.3556831121286
121 2235.1009081076186
122 2243.6870155536285
123 2163.7389382946626
124 2161.8222631065887
125 2175.4511850328404
126 2185.8566422217377
127 2180.5963295356028
128 2218.7594442502714
129 2145.32544907595
130 2159.8674273525303
131 2161.514728727596
132 2159.8674273525303
133 2158.2334979149946
134 2212.5653671796845
135 2221.3672249196948
136 2180.5963295356028
137 2185.275024372745
138 2189.0959444593645
139 2172.0738243437945
140 2157.7077392977285
141 2161.765460237839
142 2161.924906771806
143 2161.7871888657496
144 2159.6633159332264
145 2161.6222488680096
146 2161.924906771806
147 2161.765460237839
148 2161.117436794341
149 2169.938304639423
150 2171.4622809732386
151 2175.486688059404
152 2175.486688059404
153 2172.3633504106747
154 2169.9497391877103
155 2159.6341182683323
156 2157.4022882517897
157 2157.4022882517897
158 2157.7077392977285
159 2158.6966933798085
160 2166.5960931288773
161 2172.0806185505176
162 2172.0806185505176
163 2171.4622809732386
164 2169.9497391877103
165 2160.3338726070947
166 2157.4022882517897
167 2159.6936452808413
168 2158.1987937258677
169 2158.6966933798085
170 2166.4981842230195
171 2172.3633504106747
172 2176.1099402607383
173 2192.2992104596074
174 2196.11612020767
175 2175.36436243151
176 2172.3633504106747
177 2169.938304639423
178 2159.6936452808413
179 2162.1957586706867
180 2161.765460237839
181 2161.765460237839
182 2161.8222631065887
183 2159.6936452808413
184 2158.6966933798085
185 2172.3633504106747
186 2176.1099402607383
187 2196.11612020767
188 2196.11612020767
189 2175.36436243151
190 2171.4622809732386
191 2169.938304639423
192 2159.6936452808413
193 2162.1957586706867
194 2161.765460237839
195 2161.765460237839
196 2161.8222631065887
197 2159.6936452808413
198 2158.6966933798085
199 2172.3633504106747
200 2176.1099402607383
201 2196.11612020767
202 2196.11612020767
203 2175.36436243151
204 2171.4622809732386
205 2169.938304639423
206 2159.6936452808413
207 2162.1957586706867
208 2161.765460237839
209 2161.765460237839
210 2161.8222631065887
211 2159.6936452808413
212 2158.6966933798085
213 2172.3633504106747
214 2176.1099402607383
215 2196.11612020767
216 2196.11612020767
217 2175.36436243151
218 2171.4622809732386
219 2169.938304639423
220 2159.6936452808413
221 2162.1957586706867
222 2161.765460237839
223 2161.765460237839
224 2161.8222631065887
225 2159.6936452808413
226 2158.6966933798085
227 2172.3633504106747
228 2176.1099402607383
229 2196.11612020767
230 2196.11612020767
231 2175.36436243151
232 2171.4622809732386
233 2169.938304639423
234 2159.6936452808413
235 2162.1957586706867
236 2161.765460237839
237 2161.765460237839
238 2161.8222631065887
239 2159.6936452808413
240 2158.6966933798085
241 2172.3633504106747
242 2176.1099402607383
243 2196.11612020767
244 2196.11612020767
245 2175.36436243151
246 2171.4622809732386
247 2169.938304639423
248 2159.6936452808413
249 2162.1957586706867
250 2161.765460237839
251 2161.765460237839
252 2161.8222631065887
253 2159.6936452808413
254 2158.6966933798085
255 2172.3633504106747
256 2176.1099402607383
257 2196.11612020767
258 2196.11612020767
259 2175.36436243151
260 2171.4622809732386
261 2169.938304639423
262 2159.6936452808413
263 2162.1957586706867
264 2161.765460237839
265 2161.765460237839
266 2161.8222631065887
267 2159.6936452808413
268 2158.6966933798085
269 2172.3633504106747
270 2176.1099402607383
271 2196.11612020767
272 2196.11612020767
273 2175.36436243151
274 2171.4622809732386
275 2169.938304639423
276 2159.6936452808413
277 2162.1957586706867
278 2161.765460237839
279 2161.765460237839
280 2161.8222631065887
281 2159.6936452808413
282 2158.6966933798085
283 2172.3633504106747
284 2176.1099402607383
285 2196.11612020767
286 2196.11612020767
287 2175.36436243151
288 2171.4622809732386
289 2169.938304639423
290 2159.6936452808413
291 2162.1957586706867
292 2161.765460237839
293 2161.765460237839
294 2161.8222631065887
295 2159.6936452808413
296 2158.6966933798085
297 2172.3633504106747
298 2176.1099402607383
299 2196.11612020767
