0 912.9472217359842
1 913.4024270928954
2 911.7370384943691
3 918.8079643833872
4 920.5712856229727
5 920.5242898215856
6 921.294110360585
7 922.7137589452944
8 924.0550046952953
9 929.303493383383
10 933.1304606465309
11 933.9687505370607
12 934.9451645995686
13 941.1645911161621
14 947.3805224470578
15 948.7669709231964
16 952.8214010276968
17 961.016186719499
18 966.3311785955607
19 970.7559482208543
20 978.0879731201843
21 985.3239469756975
22 993.8195841624344
23 994.466941172372
24 1009.8469473319277
25 1019.9683268468973
26 1034.1254266077924
27 1045.3548024287522
28 1058.6379362825026
29 1062.9856752346393
30 1093.1901308232164
31 1107.2704021457441
32 1111.9131245399064
33 1134.6034576517725
34 1135.3796759487136
35 1192.3606751383602
36 1192.1835067247262
37 1197.9052438983235
38 1223.1297745309098
39 1225.4360758585628
40 1242.6653466606913
41 1277.5531129449867
42 1280.0744169778438
43 1281.2004950524358
44 1294.0743354564388
45 1306.7536722798252
46 1308.7676726421196
47 1333.0769401860387
48 1335.4001080214196
49 1337.3673297692449
50 1354.66373177999
51 1353.8232651985245
52 1354.9840426306803
53 1358.8346953368055
54 1370.7185499167947
55 1386.0365506477478
56 1397.2406476830056
57 1408.9605320737353
58 1408.707173125813
59 1419.140067217602
60 1428.577837887722
61 1435.7938866034253
62 1446.8316473317275
63 1461.7475229304823
64 1482.7904015969648
65 1503.7655911153502
66 1512.5762693431896
67 1533.945320409715
68 1544.8373562960112
69 1568.7790772113221
70 1574.0222898928607
71 1611.7961726746057
72 1614.2179304651506
73 1641.920395624646
74 1665.8817931161775
75 1687.0021065897681
76 1714.057370523275
77 1727.5895487200708
78 1736.6092552019252
79 1780.819814881722
80 1821.4406862233382
81 1842.4175733484547
82 1871.6844987072225
83 1915.4872148159839
84 1964.8373488488608
85 2002.8036156956587
86 2029.7576969877096
87 2063.20200626241
88 2148.061118988408
89 2168.3123701098243
90 2223.3640953057907
91 2234.3354537591194
92 2304.356527699547
93 2384.6707911914923
94 2381.9079075655086
95 2414.0432958811944
96 2522.0985550215837
97 2551.658606104208
98 2574.0445363466683
99 2669.7710045838103
100 2671.343617764439
101 2733.4495484873955
102 2863.263942777421
103 2882.2062873732702
104 2905.3599171907176
105 2994.678281884149
106 3035.2334005870507
107 3076.6739755292383
108 3144.950767974008
109 3215.7798554605088
110 3229.984492382438
111 3280.4120793298566
112 3318.801107604324
113 3365.721361367882
114 3413.0338722766473
115 3449.7079879286343
116 3425.575898931998
117 3491.0523729953397
118 3532.1682367688795
119 3473.6805432971173
120 3543.284745783673
121 3605.2458713031046
122 3628.497926057512
123 3508.61644832385
124 3514.2034311636444
125 3540.7121918259395
126 3550.048171439247
127 3614.0780645227683
128 3517.2449308056243
129 3542.666337316225
130 3567.1759685601287
131 3558.7834746180615
132 3549.6584122737554
133 3549.6034953148633
134 3547.624953425054
135 3556.92530853196
136 3564.6987071265703
137 3551.583756133441
138 3542.734307322125
139 3518.9966368573473
140 3543.053695268796
141 3623.4981303841705
142 3550.1760398364886
143 3555.5346154265762
144 3566.462897981067
145 3566.0771716539784
146 3566.0915285314513
147 3558.829834677781
148 3566.462897981067
149 3557.195012323845
150 3550.1785548144694
151 3629.7191581399097
152 3613.2024381812166
153 3537.651094310843
154 3535.816846265137
155 3535.816846265137
156 3535.816846265137
157 3540.736803468949
158 3501.054426742514
159 3628.471672068502
160 3550.1760398364886
161 3550.1760398364886
162 3550.4060334626033
163 3550.4016459700288
164 3550.1785548144694
165 3550.1760398364886
166 3629.7191581399097
167 3623.511130046327
168 3500.5587585324015
169 3528.726044707363
170 3511.2154875335746
171 3501.054426742514
172 3623.4981303841705
173 3629.7191581399097
174 3629.7191581399097
175 3550.1760398364886
176 3629.7191581399097
177 3629.7191581399097
178 3626.501648418373
179 3613.2024381812166
180 3613.2024381812166
181 3623.2918790618287
182 3629.7191581399097
183 3629.7191581399097
184 3629.7191581399097
185 3628.471672068502
186 3626.133560597814
187 3629.7107682807714
188 3629.7678471248514
189 3629.7191581399097
190 3629.7191581399097
191 3626.501648418373
192 3623.2918790618287
193 3629.7678471248514
194 3629.7191581399097
195 3629.7191581399097
196 3629.7191581399097
197 3629.7107682807714
198 3623.511130046327
199 3501.054426742514
200 3501.0592914966164
201 3623.511130046327
202 3629.7678471248514
203 3629.7191581399097
204 3550.1760398364886
205 3550.1760398364886
206 3550.1760398364886
207 3629.7191581399097
208 3628.471672068502
209 3623.4479978520694
210 3623.4479978520694
211 3626.133560597814
212 3629.7191581399097
213 3629.7191581399097
214 3629.7191581399097
215 3629.7678471248514
216 3628.471672068502
217 3629.7191581399097
218 3629.7107682807714
219 3623.2918790618287
220 3623.4981303841705
221 3628.471672068502
222 3629.7191581399097
223 3629.7191581399097
224 3629.7191581399097
225 3629.7107682807714
226 3613.2024381812166
227 3501.054426742514
228 3501.054426742514
229 3623.511130046327
230 3629.7678471248514
231 3629.7191581399097
232 3550.1760398364886
233 3550.1760398364886
234 3550.1760398364886
235 3629.7191581399097
236 3628.471672068502
237 3623.4479978520694
238 3623.4479978520694
239 3626.133560597814
240 3629.7191581399097
241 3629.7191581399097
242 3629.7191581399097
243 3629.7678471248514
244 3628.471672068502
245 3629.7191581399097
246 3629.7107682807714
247 3623.2918790618287
248 3623.4981303841705
249 3628.471672068502
250 3629.7191581399097
251 3629.7191581399097
252 3629.7191581399097
253 3629.7107682807714
254 3613.2024381812166
255 3501.054426742514
256 3501.054426742514
257 3623.511130046327
258 3629.7678471248514
259 3629.7191581399097
260 3550.1760398364886
261 3550.1760398364886
262 3550.1760398364886
263 3629.7191581399097
264 3628.471672068502
265 3623.4479978520694
266 3623.4479978520694
267 3626.133560597814
268 3629.7191581399097
269 3629.7191581399097
270 3629.7191581399097
271 3629.7678471248514
272 3628.471672068502
273 3629.7191581399097
274 3629.7107682807714
275 3623.2918790618287
276 3623.4981303841705
277 3628.471672068502
278 3629.7191581399097
279 3629.7191581399097
280 3629.7191581399097
281 3629.7107682807714
282 3613.2024381812166
283 3501.054426742514
284 3501.054426742514
285 3623.511130046327
286 3629.7678471248514
287 3629.7191581399097
288 3550.1760398364886
289 3550.1760398364886
290 3550.1760398364886
291 3629.7191581399097
292 3628.471672068502
293 3623.4479978520694
294 3623.4479978520694
295 3626.133560597814
296 3629.7191581399097
297 3629.7191581399097
298 3629.7191581399097
299 3629.7678471248514
