0 353.745927450062
1 353.75698201585413
2 353.90698086380854
3 353.7481079988513
4 354.44140205126166
5 355.6159338327166
6 355.3108684205562
7 355.2304528837725
8 356.3686913571429
9 357.28393992724114
10 358.14549115003615
11 357.9035905087431
12 359.37254766251164
13 359.2854162471495
14 359.8094905977828
15 361.2297980949115
16 361.71088880225784
17 362.6590612069043
18 363.2672226790919
19 365.5324427754676
20 366.24449145233723
21 366.39871901721
22 367.363064842993
23 369.35366483807275
24 370.43218996614735
25 371.1240198020974
26 374.14840492797
27 374.19313793599736
28 377.33120300385696
29 377.9459258190321
30 377.9601136127602
31 381.0059281406799
32 381.2923744576559
33 384.31336168840545
34 384.60404491371094
35 385.65015739188846
36 387.72195279029586
37 388.78369284349066
38 391.3320680014969
39 393.5103100111228
40 394.4829112689156
41 396.1565442710841
42 396.5424130624823
43 395.56983048744286
44 399.00536712106265
45 399.24192143847273
46 403.48476431845745
47 403.87380939853244
48 405.1775053776216
49 408.25294981529123
50 408.256156965468
51 409.0251567903542
52 412.4198226833664
53 416.6672544901372
54 418.04079300450763
55 421.5794896970359
56 423.8396319295646
57 430.9993818337241
58 435.85458473839105
59 431.9112057655568
60 436.33119686713565
61 439.64890018901235
62 452.042983457653
63 451.21919540433987
64 455.51754523032673
65 463.3684303915431
66 464.6743131663323
67 468.3012983244231
68 480.2096631793348
69 484.55148582990597
70 491.79542112227483
71 497.28295275454343
72 502.639392698235
73 508.11187703287317
74 517.12235930251
75 519.1869568789945
76 530.5390106141335
77 534.9902745290399
78 542.9095806098974
79 551.2886365048366
80 555.2449647864778
81 566.495130802823
82 563.3572703334498
83 578.1276947556383
84 587.7975454072396
85 591.9776266327303
86 591.7640029957073
87 594.5373631517894
88 596.6420396951049
89 606.6689720992334
90 618.2696714477399
91 626.8121605938063
92 631.6286762437821
93 636.6291946521541
94 639.0377134671095
95 642.2927243934474
96 645.9743258225053
97 640.023821330265
98 655.2377361538885
99 662.2137834664724
100 663.7644222340884
101 661.0649169736558
102 672.7028942568326
103 673.4798157700369
104 675.1524557165974
105 680.5734889042839
106 686.692056266996
107 703.2143811142082
108 706.4695218339161
109 707.8976203397298
110 711.8882290789945
111 723.8955643853777
112 727.528279439423
113 723.0909435981398
114 719.0586499545128
115 718.1377984679852
116 724.7109498139696
117 734.6983632116048
118 736.839013171978
119 737.7063270744081
120 740.126354543275
121 743.9280953425359
122 741.6620038785725
123 743.194540513075
124 740.8447860563883
125 745.9941881184768
126 745.8027088954303
127 749.0812491646645
128 749.0340074290489
129 750.5909623902511
130 749.1951343637187
131 748.8996301584186
132 746.0915096800998
133 745.809705365527
134 745.9941881184768
135 740.8864549076123
136 742.7448425910043
137 742.7223012949376
138 744.0819952129181
139 741.6620038785725
140 740.4083175360668
141 740.0852563124326
142 740.0968376284127
143 740.3739405034044
144 740.4083175360668
145 741.662067118369
146 744.0819952129181
147 744.7805257043807
148 742.661801617797
149 742.7856485037312
150 743.2666320415162
151 743.2639841680706
152 743.2666320415162
153 742.8658175309338
154 743.1788401441066
155 741.9208800397436
156 744.0810464485949
157 744.0819952129181
158 741.6620038785725
159 741.6620038785725
160 744.0819952129181
161 744.0819952129181
162 744.3577478908296
163 743.211974973537
164 742.7107252231872
165 742.4979204888311
166 742.7083002651433
167 743.1788401441066
168 742.7207666317944
169 744.3577478908296
170 744.0795840927284
171 744.0819952129181
172 744.0795840927284
173 744.3577478908296
174 742.6889207258841
175 743.211974973537
176 743.211974973537
177 742.7207666317944
178 744.6156731704242
179 744.0810464485949
180 744.0819952129181
181 744.0819952129181
182 744.0819952129181
183 744.0695041164762
184 741.914157921571
185 742.7207666317944
186 742.7207666317944
187 741.9126622701358
188 744.4822738031158
189 744.788699141594
190 744.3577478908296
191 741.914157921571
192 741.914157921571
193 744.6156731704242
194 743.9947900670343
195 744.0695041164762
196 743.9947900670343
197 744.3878919702687
198 744.6156731704242
199 744.4822738031158
