0 336.40357639681474
1 336.64899713522266
2 336.2990620519122
3 340.37280171477136
4 340.8128586928025
5 340.6598847972716
6 341.1399751844687
7 341.783541268043
8 342.6869006161562
9 345.0729184626139
10 345.8118678781812
11 346.4357635226133
12 347.38053380707447
13 349.650129021705
14 351.99985426606816
15 353.1263302808027
16 354.41463524801105
17 358.19442268860286
18 360.29850254454914
19 364.54623712470925
20 367.4344911256906
21 370.7405456744294
22 373.8835987660423
23 375.91409502918697
24 381.52886381129366
25 386.12359080680807
26 392.9746526358038
27 396.719298428167
28 401.40451125648644
29 402.0947857268005
30 414.54718771102563
31 421.7614663096685
32 422.5991305552127
33 430.7296741769335
34 430.8703600765059
35 458.45526702045964
36 458.41459704292487
37 459.7490512346134
38 469.15374322186267
39 469.50523478884116
40 478.0678423795611
41 494.58423643264166
42 495.2282133960875
43 495.89675501233944
44 502.7080209554957
45 508.6757933898026
46 511.9696149868712
47 526.930872226833
48 528.3444681662716
49 530.3863932540725
50 538.3246247849438
51 539.8414942593683
52 541.590592329618
53 544.4003434074352
54 549.9319270661978
55 563.8166409396343
56 570.0596652137547
57 576.37597889872
58 577.7676837240657
59 585.1816165734914
60 587.4316881260587
61 590.2940742727174
62 597.0853804954635
63 605.521307156235
64 621.4876676599234
65 627.861067998316
66 633.5230672867418
67 642.6403308973918
68 646.3783272287358
69 656.9696875044219
70 657.2553804946776
71 672.1228983346929
72 675.4018901677265
73 687.7877333601626
74 706.7154185506033
75 712.8745410408893
76 722.7662270865223
77 726.6518846456502
78 729.545194085078
79 745.8703921389871
80 764.4860756150308
81 771.3379084464102
82 777.1060445436439
83 790.7115494749394
84 809.2487674809977
85 821.1265331124656
86 841.9247671434144
87 850.0700083690306
88 878.1310658397797
89 883.6359921176401
90 903.1236038319901
91 905.776261330296
92 926.822193181974
93 955.7402373709588
94 953.6919897285045
95 967.5246877378617
96 993.6316715654764
97 1006.2834999233339
98 1011.6017150122713
99 1039.9412771275624
100 1039.2766680198401
101 1076.0136284435673
102 1110.8723972169457
103 1125.4754364416633
104 1130.455899203896
105 1147.7839667609724
106 1153.2112492421354
107 1170.7356496698442
108 1180.2593380322203
109 1199.8292839430158
110 1200.955265302701
111 1217.5873907815571
112 1217.0568409101872
113 1231.3830971789314
114 1237.971296253631
115 1246.372726979964
116 1230.35563947069
117 1249.4743235053734
118 1257.738426832348
119 1233.5536320958904
120 1246.9232749369078
121 1292.1587771608556
122 1293.5649641992156
123 1294.9231410947127
124 1247.96067235896
125 1248.0620329664823
126 1247.8223050705358
127 1247.2628119909707
128 1246.4840800828097
129 1246.9091891677685
130 1246.741180057803
131 1247.828443284512
132 1247.9334705802053
133 1247.5070943741975
134 1250.4024927810995
135 1295.4525839829112
136 1290.7576463071543
137 1294.5277554850413
138 1292.1574526921822
139 1291.7375598270914
140 1273.8993428024094
141 1273.859538653368
142 1292.963787251388
143 1291.500210204377
144 1292.1022362783247
145 1292.1754767980628
146 1294.924440382931
147 1290.766829833314
148 1294.0586097765715
149 1293.5424465057731
150 1290.7805100844448
151 1290.3891940455114
152 1294.5182707171898
153 1292.1587771608556
154 1292.1022362783247
155 1292.303921451159
156 1292.303921451159
157 1292.1587771608556
158 1292.1750061838989
159 1294.5182707171898
160 1290.5217115796493
161 1290.829853329058
162 1294.924440382931
163 1294.5182707171898
164 1292.1754767980628
165 1292.1587771608556
166 1292.1587771608556
167 1292.1256108192042
168 1294.5277554850413
169 1294.5182707171898
170 1294.5182707171898
171 1292.9536995352382
172 1292.9536995352382
173 1293.5869796335626
174 1295.0468076727677
175 1294.9470469007338
176 1295.0468076727677
177 1294.5277554850413
178 1294.6190482643467
179 1294.5182707171898
180 1294.5277554850413
181 1292.9536995352382
182 1292.7724752022157
183 1292.9536995352382
184 1295.0345893950307
185 1294.9470469007338
186 1295.0345893950307
187 1294.6190482643467
188 1293.324901386251
189 1294.5182707171898
190 1294.5277554850413
191 1294.5182707171898
192 1294.5182707171898
193 1292.9536995352382
194 1292.9536995352382
195 1293.5869796335626
196 1295.0468076727677
197 1294.9470469007338
198 1295.0468076727677
199 1294.5277554850413
200 1293.5869796335626
201 1294.5182707171898
202 1294.5277554850413
203 1292.9536995352382
204 1292.7724752022157
205 1292.9536995352382
206 1295.140084560921
207 1294.945448817211
208 1295.0345893950307
209 1294.6190482643467
210 1293.319915059589
211 1294.5182707171898
212 1294.5277554850413
213 1294.5182707171898
214 1294.5182707171898
215 1292.9536995352382
216 1292.9536995352382
217 1293.324901386251
218 1295.0468076727677
219 1294.9470469007338
220 1295.0468076727677
221 1294.5277554850413
222 1293.5869796335626
223 1294.5182707171898
224 1294.5277554850413
225 1292.9536995352382
226 1292.2418152388166
227 1292.9536995352382
228 1295.140084560921
229 1294.945448817211
230 1295.0345893950307
231 1294.6190482643467
232 1293.319915059589
233 1294.5182707171898
234 1294.5277554850413
235 1294.5182707171898
236 1294.5182707171898
237 1292.9536995352382
238 1292.9536995352382
239 1293.324901386251
240 1295.0468076727677
241 1294.9470469007338
242 1295.0468076727677
243 1294.5277554850413
244 1293.5869796335626
245 1294.5182707171898
246 1294.5277554850413
247 1292.9536995352382
248 1292.2418152388166
249 1292.9536995352382
250 1295.140084560921
251 1294.945448817211
252 1295.0345893950307
253 1294.6190482643467
254 1293.319915059589
255 1294.5182707171898
256 1294.5277554850413
257 1294.5182707171898
258 1294.5182707171898
259 1292.9536995352382
260 1292.9536995352382
261 1293.324901386251
262 1295.0468076727677
263 1294.9470469007338
264 1295.0468076727677
265 1294.5277554850413
266 1293.5869796335626
267 1294.5182707171898
268 1294.5277554850413
269 1292.9536995352382
270 1292.2418152388166
271 1292.9536995352382
272 1295.140084560921
273 1294.945448817211
274 1295.0345893950307
275 1294.6190482643467
276 1293.319915059589
277 1294.5182707171898
278 1294.5277554850413
279 1294.5182707171898
280 1294.5182707171898
281 1292.9536995352382
282 1292.9536995352382
283 1293.324901386251
284 1295.0468076727677
285 1294.9470469007338
286 1295.0468076727677
287 1294.5277554850413
288 1293.5869796335626
289 1294.5182707171898
290 1294.5277554850413
291 1292.9536995352382
292 1292.2418152388166
293 1292.9536995352382
294 1295.140084560921
295 1294.945448817211
296 1295.0345893950307
297 1294.6190482643467
298 1293.319915059589
299 1294.5182707171898
