0 2.3532999716910443
1 2.3532904716910443
2 2.3532769216910445
3 2.3532597266910447
4 2.3532392511910447
5 2.3532158232410447
6 2.3531897380860447
7 2.353161261446545
8 2.353130632470995
9 2.3530980663929997
10 2.353063756922804
11 2.353027878399628
12 2.35299058772877
13 2.3529520261249974
14 2.352912320681602
15 2.3528715857825464
16 2.3528299243733963
17 2.3527874291051614
18 2.35274418336375
19 2.3527002621964797
20 2.3526557331459363
21 2.3526106570004472
22 2.352565088469507
23 2.352519076791661
24 2.3524726662815993
25 2.352425896822544
26 2.352378804309394
27 2.352331421047559
28 2.3522837761119075
29 2.3522358956698213
30 2.352187803271944
31 2.352139520113854
32 2.352091065271573
33 2.3520424559135202
34 2.351993707491273
35 2.3519448339112503
36 2.3518958476892298
37 2.3518467600894115
38 2.351797581249575
39 2.351748320293722
40 2.3516989854334542
41 2.3516495840592135
42 2.3516001228223966
43 2.3515506077092616
44 2.35150104410744
45 2.351451436865801
46 2.3514017903483255
47 2.3513521084825975
48 2.3513023948034424
49 2.3512526524922026
50 2.351202884412087
51 2.351153093139983
52 2.351103280995089
53 2.351053450064685
54 2.351003602227321
55 2.3509537391736934
56 2.3509038624254286
57 2.3508539733519904
58 2.350804073185896
59 2.3507541630364113
60 2.3507042439018746
61 2.350654316680792
62 2.3506043821818174
63 2.3505544411327404
64 2.350504494188571
65 2.3504545419388183
66 2.350404584914041
67 2.3503546235917416
68 2.3503046584016722
69 2.3502546897306096
70 2.3502047179266534
71 2.3501547433030927
72 2.350104766141888
73 2.350054786696804
74 2.350004805196228
75 2.34995482184571
76 2.3499048368302438
77 2.349854850316324
78 2.349804862453796
79 2.3497548733775213
80 2.349704883208874
81 2.3496548920570914
82 2.349604900020487
83 2.349554907187543
84 2.3495049136378934
85 2.349454919443209
86 2.3494049246679927
87 2.349354929370298
88 2.349304933602373
89 2.3492549374112404
90 2.349204940839221
91 2.3491549439244035
92 2.349104946701068
93 2.349054949200066
94 2.3490049514491638
95 2.3489549534733523
96 2.3489049552951218
97 2.3488549569347144
98 2.3488049584103474
99 2.348754959738417
100 2.3487049609336803
101 2.348654962009417
102 2.34860496297758
103 2.3485549638489265
104 2.3485049646331384
105 2.348454965338929
106 2.3484049659741406
107 2.348354966545831
108 2.3483049670603524
109 2.3482549675234217
110 2.348204967940184
111 2.3481549683152703
112 2.348104968652848
113 2.3480549689566677
114 2.3480049692301055
115 2.3479549694761994
116 2.347904969697684
117 2.3478549698970204
118 2.3478049700764227
119 2.3477549702378853
120 2.347704970383201
121 2.3476549705139855
122 2.3476049706316915
123 2.347554970737627
124 2.347504970832969
125 2.3474649709187765
126 2.3474339709960033
127 2.3474110710655074
128 2.347395461128061
129 2.3473864121843597
130 2.347383268135028
131 2.34738543849063
132 2.3473923918106716
133 2.347403649798709
134 2.3474187819879426
135 2.347437400958253
136 2.3474591580315325
137 2.3474837393974837
138 2.34751086262684
139 2.3475402735332604
140 2.347561743349039
141 2.34757606618324
142 2.3475839567340206
143 2.347586058229723
144 2.3475829495758553
145 2.347575151787374
146 2.3475631337777414
147 2.347547317569072
148 2.3475280829812695
149 2.347515771852247
150 2.347509691836127
151 2.347509219821619
152 2.347513795008562
153 2.3475229126768102
154 2.3475361185782337
155 2.347543003889515
156 2.347544200669668
157 2.347540277771806
158 2.34753174716373
159 2.3475190696164616
160 2.34751265982392
161 2.3475118910106327
162 2.347516199078674
163 2.3475250763399114
164 2.3475380658750247
165 2.3475447564566267
166 2.3475457779800686
167 2.3475416973511662
168 2.3475330247851542
169 2.3475202194757436
170 2.3475136946972737
171 2.3475028223966508
172 2.34749803732609
173 2.3474987307625854
174 2.3475043548554315
175 2.347514416538993
176 2.347528472054198
177 2.347546122017883
178 2.347557006985199
179 2.347561803455784
180 2.3475611202793103
181 2.347555505420484
182 2.34754545204754
183 2.3475314040118906
184 2.347513760779806
185 2.34750288187093
186 2.3474980908529415
187 2.347498778936752
188 2.3475043982121813
189 2.3475144555600678
190 2.3475285071731657
191 2.3475461536249536
192 2.3475570354315627
193 2.347561829057511
194 2.3475611433208643
195 2.3475555261578824
196 2.3475454707111987
197 2.3475314208091835
198 2.3475137758973696
199 2.347502895476737
200 2.347498103098168
201 2.3474987899574558
202 2.3475044081308147
203 2.3475144644868378
204 2.3475285152072587
205 2.347546160855637
206 2.347557041939178
207 2.3475618349143645
208 2.3475611485920327
209 2.347555530901934
210 2.347545474980845
211 2.3475314246518653
212 2.347513779355783
213 2.3475028985893096
214 2.3474981058994833
215 2.3474987924786395
216 2.34750441039988
217 2.3475144665289966
218 2.3475285170452014
219 2.347546162509786
220 2.347557043427912
221 2.347561836254225
222 2.347561149797907
223 2.3475555319872212
224 2.3475454759576038
225 2.347531425530948
226 2.3475137801469574
227 2.3475028993013662
228 2.347498106540334
229 2.347498793055405
230 2.3475044109189693
231 2.347514466996177
232 2.347528517465664
233 2.3475461628882024
234 2.3475570437684867
235 2.3475618365607427
236 2.347561150073773
237 2.3475555322355004
238 2.347545476181055
239 2.347531425732054
240 2.347513780327953
241 2.347502899464262
242 2.3474981066869405
243 2.3474987931873508
244 2.34750441103772
245 2.3475144671030526
246 2.3475285175618517
247 2.347546162974771
248 2.347557043846398
249 2.347561836630863
250 2.3475611501368814
251 2.3475555322922976
252 2.3475454762321726
253 2.34753142577806
254 2.3475137803693586
255 2.3475028995015275
256 2.3474981067204794
257 2.347498793217536
258 2.347504411064887
259 2.347514467127503
260 2.347528517583857
261 2.347546162994576
262 2.347557043864223
263 2.3475618366469053
264 2.347561150151319
265 2.3475555323052917
266 2.3475454762438672
267 2.347531425788585
268 2.347513780378831
269 2.3475028995100526
270 2.347498106728152
271 2.3474987932244415
272 2.347504411071102
273 2.347514467133096
274 2.347528517588891
275 2.3475461629991066
276 2.3475570438683007
277 2.3475618366505753
278 2.3475611501546223
279 2.347555532308265
280 2.347545476246543
281 2.347531425790993
282 2.3475137803809982
283 2.347502899512003
284 2.3474981067299074
285 2.347498793226021
286 2.347504411072524
287 2.347514467134376
288 2.347528517590043
289 2.347546163000143
290 2.3475570438692333
291 2.3475618366514146
292 2.3475611501553777
293 2.3475555323089443
294 2.3475454762471544
295 2.3475314257915434
296 2.3475137803814934
297 2.3475028995124485
298 2.347498106730308
299 2.3474987932263818
