0 2.359304971691044
1 2.359314471691044
2 2.3593280216910437
3 2.3593452166910436
4 2.3593656921910435
5 2.3593891201410435
6 2.3594152052960435
7 2.3594436819355433
8 2.3594743109110934
9 2.3595068769890886
10 2.359541186459284
11 2.35957706498246
12 2.3596143556533185
13 2.359652917257091
14 2.359692622700486
15 2.359733357599542
16 2.359775019008692
17 2.359817514276927
18 2.3598607600183383
19 2.3599046811856086
20 2.359949210236152
21 2.359994286381641
22 2.360039854912581
23 2.360085866590427
24 2.360132277100489
25 2.3601790465595442
26 2.360226139072694
27 2.3602735223345293
28 2.3603211672701807
29 2.360369047712267
30 2.3604171401101444
31 2.3604654232682343
32 2.360513878110515
33 2.360562487468568
34 2.3606112358908153
35 2.360660109470838
36 2.3607090956928585
37 2.3607581832926767
38 2.360807362132513
39 2.3608566230883663
40 2.360905957948634
41 2.3609553593228747
42 2.3610048205596916
43 2.3610543356728266
44 2.361103899274648
45 2.3611535065162874
46 2.3612031530337627
47 2.361252834899491
48 2.361302548578646
49 2.3613522908898856
50 2.3614020589700013
51 2.3614518502421054
52 2.361501662386999
53 2.3615514933174033
54 2.3616013411547674
55 2.361651204208395
56 2.3617010809566596
57 2.361750970030098
58 2.361800870196192
59 2.361850780345677
60 2.3619006994802136
61 2.3619506267012964
62 2.362000561200271
63 2.362050502249348
64 2.3621004491935174
65 2.36215040144327
66 2.3622003584680473
67 2.3622503197903466
68 2.362300284980416
69 2.3623502536514787
70 2.362400225455435
71 2.3624502000789955
72 2.3625001772402
73 2.3625501566852845
74 2.36260013818586
75 2.362650121536378
76 2.3627001065518445
77 2.362750093065764
78 2.362800080928292
79 2.362850070004567
80 2.362900060173214
81 2.362950051324997
82 2.3630000433616014
83 2.3630500361945455
84 2.363100029744195
85 2.3631500239388794
86 2.3632000187140956
87 2.3632500140117902
88 2.3633000097797154
89 2.363350005970848
90 2.363400002542867
91 2.3634499994576847
92 2.3634999966810204
93 2.3635499941820224
94 2.3635999919329245
95 2.363649989908736
96 2.3636999880869665
97 2.363749986447374
98 2.363799984971741
99 2.363849983643671
100 2.363899982448408
101 2.3639499813726714
102 2.3639999804045084
103 2.3640499795331618
104 2.36409997874895
105 2.364149978043159
106 2.3641999774079476
107 2.3642499768362573
108 2.364299976321736
109 2.3643499758586666
110 2.3643999754419043
111 2.364449975066818
112 2.3644999747292403
113 2.3645499744254206
114 2.3645999741519828
115 2.364649973905889
116 2.364699973684404
117 2.364749973485068
118 2.3647999733056655
119 2.364849973144203
120 2.364899972998887
121 2.3649499728681027
122 2.3649999727503968
123 2.3650499726444614
124 2.3650999725491193
125 2.3651399724633118
126 2.365170972386085
127 2.365193872316581
128 2.365209482254027
129 2.3652185311977285
130 2.36522167524706
131 2.365219504891458
132 2.3652125515714166
133 2.3652012935833793
134 2.3651861613941456
135 2.365167542423835
136 2.3651457853505558
137 2.3651212039846046
138 2.3650940807552483
139 2.365064669848828
140 2.3650432000330492
141 2.3650288771988484
142 2.3650209866480676
143 2.3650188851523652
144 2.365021993806233
145 2.365029791594714
146 2.365041809604347
147 2.3650576258130163
148 2.3650768604008188
149 2.3650991715298413
150 2.3651142515459616
151 2.3651228235604695
152 2.365125538373527
153 2.365122981705279
154 2.3651156807038554
155 2.3651041098025742
156 2.365088695991421
157 2.365069823561383
158 2.3650578383743492
159 2.3650520517060185
160 2.365051843704521
161 2.365056656503173
162 2.36506598802196
163 2.3650793863888686
164 2.365096444919086
165 2.3651067975962814
166 2.3651111150057575
167 2.365110000674286
168 2.365103997775962
169 2.36509359516747
170 2.365079232819827
171 2.3650713067069487
172 2.365069173205358
173 2.3650722530539268
174 2.3650800249176385
175 2.3650920195949787
176 2.365097814804585
177 2.3650980304932308
178 2.365093224613012
179 2.365083899320815
180 2.3650805065578377
181 2.365082453071158
182 2.3650892049331467
183 2.365090281608936
184 2.365086250617147
185 2.3650776227245363
186 2.365074857621187
187 2.3650773690281723
188 2.365084629294459
189 2.3650961635341177
190 2.3651015443498102
191 2.3651013870839335
192 2.3650962455446445
193 2.3650866181592844
194 2.36507295351246
195 2.3650656553303184
196 2.365064086966391
197 2.365067675438856
198 2.365075905064075
199 2.3650883117267716
