0 2.359304971691044
1 2.359314471691044
2 2.3593280216910437
3 2.3593452166910436
4 2.3593656921910435
5 2.3593891201410435
6 2.3594152052960435
7 2.3594436819355433
8 2.3594743109110934
9 2.3595068769890886
10 2.359541186459284
11 2.35957706498246
12 2.3596143556533185
13 2.359652917257091
14 2.359692622700486
15 2.359733357599542
16 2.359775019008692
17 2.359817514276927
18 2.3598607600183383
19 2.3599046811856086
20 2.359949210236152
21 2.359994286381641
22 2.360039854912581
23 2.360085866590427
24 2.360132277100489
25 2.3601790465595442
26 2.360226139072694
27 2.3602735223345293
28 2.3603211672701807
29 2.360369047712267
30 2.3604171401101444
31 2.3604654232682343
32 2.360513878110515
33 2.360562487468568
34 2.3606112358908153
35 2.360660109470838
36 2.3607090956928585
37 2.3607581832926767
38 2.360807362132513
39 2.3608566230883663
40 2.360905957948634
41 2.3609553593228747
42 2.3610048205596916
43 2.3610543356728266
44 2.361103899274648
45 2.3611535065162874
46 2.3612031530337627
47 2.361252834899491
48 2.361302548578646
49 2.3613522908898856
50 2.3614020589700013
51 2.3614518502421054
52 2.361501662386999
53 2.3615514933174033
54 2.3616013411547674
55 2.361651204208395
56 2.3617010809566596
57 2.361750970030098
58 2.361800870196192
59 2.361850780345677
60 2.3619006994802136
61 2.3619506267012964
62 2.362000561200271
63 2.362050502249348
64 2.3621004491935174
65 2.36215040144327
66 2.3622003584680473
67 2.3622503197903466
68 2.362300284980416
69 2.3623502536514787
70 2.362400225455435
71 2.3624502000789955
72 2.3625001772402
73 2.3625501566852845
74 2.36260013818586
75 2.362650121536378
76 2.3627001065518445
77 2.362750093065764
78 2.362800080928292
79 2.362850070004567
80 2.362900060173214
81 2.362950051324997
82 2.3630000433616014
83 2.3630500361945455
84 2.363100029744195
85 2.3631500239388794
86 2.3632000187140956
87 2.3632500140117902
88 2.3633000097797154
89 2.363350005970848
90 2.363400002542867
91 2.3634499994576847
92 2.3634999966810204
93 2.3635499941820224
94 2.3635999919329245
95 2.363649989908736
96 2.3636999880869665
97 2.363749986447374
98 2.363799984971741
99 2.363849983643671
100 2.363899982448408
101 2.3639499813726714
102 2.3639999804045084
103 2.3640499795331618
104 2.36409997874895
105 2.364149978043159
106 2.3641999774079476
107 2.3642499768362573
108 2.364299976321736
109 2.3643499758586666
110 2.3643999754419043
111 2.364449975066818
112 2.3644999747292403
113 2.3645499744254206
114 2.3645999741519828
115 2.364649973905889
116 2.364699973684404
117 2.364749973485068
118 2.3647999733056655
119 2.364849973144203
120 2.364899972998887
121 2.3649499728681027
122 2.3649999727503968
123 2.3650399726444613
124 2.3650709725491192
125 2.3650938724633117
126 2.3651094823860848
127 2.3651185313165803
128 2.3651216753540267
129 2.3651195049877285
130 2.36511255165806
131 2.3651012936613585
132 2.365086161464327
133 2.3650675424869987
134 2.365045785407403
135 2.365021204035767
136 2.364994080801295
137 2.3649646698902695
138 2.3649432000703468
139 2.3649288772324164
140 2.364920986678279
141 2.3649188851795557
142 2.3649219938307047
143 2.3649297916167384
144 2.364941809624169
145 2.3649576258308564
146 2.364976860416875
147 2.3649991715442917
148 2.365014251558967
149 2.3650228235721746
150 2.3650255383840615
151 2.36502298171476
152 2.3650156807123883
153 2.3650041098102537
154 2.3649886959983326
155 2.3649698235676038
156 2.3649578383799477
157 2.3649520517110574
158 2.364951843709056
159 2.3649566565072546
160 2.3649659880256335
161 2.3649793863921746
162 2.3649964449220615
163 2.36500679759896
164 2.3650111150081683
165 2.365010000676456
166 2.3650039977779147
167 2.364993595169228
168 2.364979232821409
169 2.3649713067083726
170 2.3649691732066396
171 2.36497225305508
172 2.364980024918676
173 2.364992019595913
174 2.364997814805426
175 2.3649980304939877
176 2.364993224613693
177 2.364983899321428
178 2.3649705065583895
179 2.364963453071655
180 2.3649621049335936
181 2.3649658916093386
182 2.364974299617509
183 2.3649868668248626
184 2.3649931773114807
185 2.364993856749437
186 2.3649894682435977
187 2.364980518588342
188 2.364977463898612
189 2.364979714677855
190 2.364986740379174
191 2.364988063510361
192 2.364984254328429
193 2.3649758260646907
194 2.364973240627326
195 2.364975913733698
196 2.3649833195294323
197 2.3649849847455933
198 2.3649814834401384
199 2.3649733322652287
