0 0.423996787286928
1 0.42398970937626124
2 0.42406037179442596
3 0.4237344208369014
4 0.4236491330838477
5 0.4234741922936752
6 0.42358651057773195
7 0.423580414190289
8 0.42341240257593793
9 0.42342504841389966
10 0.4233759952936713
11 0.4232999113966931
12 0.423321339202499
13 0.42326169259943847
14 0.42316544526299293
15 0.42304819666562987
16 0.42298076136452595
17 0.4226393952409004
18 0.4225910205934542
19 0.4226171301675141
20 0.4225538184804293
21 0.42235232746888607
22 0.4222766876318439
23 0.4221865072598985
24 0.42218161299400936
25 0.4221584199459589
26 0.4220984630428119
27 0.4219741394393803
28 0.4219525531667336
29 0.4219532100900541
30 0.4213798805288425
31 0.4213763401460694
32 0.4213805907641812
33 0.42123847250560054
34 0.4211848889604578
35 0.42110546154788187
36 0.42107126078039725
37 0.4210875358673728
38 0.420902896725039
39 0.4209237884900453
40 0.4208701061071156
41 0.4207055414277524
42 0.4207515715826277
43 0.4207617854975329
44 0.42064935115355606
45 0.4206746247149155
46 0.4206431461302283
47 0.4202219140171337
48 0.420241854240806
49 0.42021378405983145
50 0.4203454166764815
51 0.4202517869749768
52 0.42021324188364556
53 0.4203442301906932
54 0.4203765347472292
55 0.4203267649716858
56 0.42049761376843614
57 0.42055222528442404
58 0.42066383385436334
59 0.42061196507007537
60 0.4206633255007502
61 0.4208071330498786
62 0.4209453248405707
63 0.4210232005547255
64 0.42112506372412717
65 0.42117774106169903
66 0.4213507253796501
67 0.42142426853587894
68 0.42147579685244774
69 0.42172512283139274
70 0.42191981623193925
71 0.4220616242951504
72 0.4217645475572479
73 0.4217185969903635
74 0.42196937769776993
75 0.4221657987272535
76 0.42225079048338854
77 0.42236905398327074
78 0.4223740069474502
79 0.42257439638573535
80 0.4226767960229742
81 0.4227887794523023
82 0.4229193113515414
83 0.42300948191476895
84 0.4231322775596221
85 0.42324194347944266
86 0.4232971816295398
87 0.42332884508121127
88 0.42339767928852456
89 0.42350643664430887
90 0.4237172109833351
91 0.42385431547402874
92 0.4238507927425271
93 0.42399931542598407
94 0.42397767262323255
95 0.42400603949432913
96 0.4241092117914136
97 0.4242846646054767
98 0.4242644622743051
99 0.4241577787501584
100 0.424153577083079
101 0.4243966526824636
102 0.42451462670337325
103 0.4244717799686198
104 0.42436741210518136
105 0.42453614720226934
106 0.4247598744185198
107 0.42474446858128045
108 0.4247221020314407
109 0.4247242402345819
110 0.424815399266656
111 0.424743548226156
112 0.4248151647879879
113 0.42432626129624074
114 0.4244309013026748
115 0.4243685758673247
116 0.4244702506796138
117 0.42448361968155024
118 0.42456641836183967
119 0.4247338875416681
120 0.4246619045715155
121 0.42466884160940305
122 0.4245410401158665
123 0.4246122368866829
124 0.42451765405568026
125 0.42440931672005067
126 0.42440690588080243
127 0.42440294804565154
128 0.42440528208503525
129 0.42438467440824856
130 0.4244043193168292
131 0.42439771365268086
132 0.4244075373184929
133 0.42451765405568026
134 0.4246429133055904
135 0.42457489554273975
136 0.42454578664381004
137 0.42455925664124017
138 0.42466884160940305
139 0.4246613981732851
140 0.4246845484187624
141 0.4246882227692165
142 0.42468487921730774
143 0.4246613981732851
144 0.4246687734843426
145 0.42455925664124017
146 0.424559959496018
147 0.42453826053207244
148 0.42456431328803707
149 0.42457776167834493
150 0.42463563843127367
151 0.42457776167834493
152 0.4245851284337191
153 0.424541769485037
154 0.4245311318790834
155 0.42455947251921855
156 0.42455925664124017
157 0.42466884160940305
158 0.42466884160940305
159 0.42455925664124017
160 0.42455925664124017
161 0.42455885773541996
162 0.42454555369900504
163 0.4245586917961899
164 0.4245625132934251
165 0.42455880701973897
166 0.424541769485037
167 0.4245457682779906
168 0.42455885773541996
169 0.42455921561951493
170 0.42455925664124017
171 0.42455921561951493
172 0.42455885773541996
173 0.42454388948179606
174 0.42454555369900504
175 0.42454555369900504
176 0.4245457682779906
177 0.42455425902103483
178 0.42455947251921855
179 0.42455925664124017
180 0.42455925664124017
181 0.42455925664124017
182 0.4245584124560726
183 0.42453113007329535
184 0.4245457682779906
185 0.4245457682779906
186 0.4245301811557549
187 0.4245586380103619
188 0.4245587755627595
189 0.42455885773541996
190 0.42453113007329535
191 0.42453113007329535
192 0.42455425902103483
193 0.42455657328589724
194 0.4245584124560726
195 0.42455657328589724
196 0.4245596493851564
197 0.42455425902103483
198 0.4245586380103619
199 0.4245584124560726
