0 336.4035763968267
1 336.64899713523613
2 336.2990620519265
3 340.37280171478164
4 340.81285869281515
5 340.6598847972837
6 341.139975184476
7 341.7835412680524
8 342.68690061617025
9 345.0729184626302
10 345.8118678781913
11 346.4357635226253
12 347.3805338070911
13 349.65012902172055
14 351.9998542660819
15 353.1263302808143
16 354.41463524802424
17 358.19442268861656
18 360.2985025445613
19 364.54623712472676
20 367.43449112570363
21 370.74054567443966
22 373.8835987660546
23 375.914095029201
24 381.5288638113096
25 386.1235908068273
26 392.974652635815
27 396.7192984281853
28 401.4045112565043
29 402.09478572681587
30 414.5471877110389
31 421.761466309688
32 422.5991305552292
33 430.7296741769511
34 430.87036007652887
35 458.4552670204751
36 458.414597042946
37 459.7490512346293
38 469.1537432218777
39 469.5052347888578
40 478.0678423795781
41 494.58423643266184
42 495.2282133961064
43 495.8967550123619
44 502.7080209555109
45 508.67579338981795
46 511.9696149868821
47 526.9308722268461
48 528.3444681662946
49 530.3863932540876
50 538.324624784961
51 539.8414942593798
52 541.5905923296352
53 544.4003434074507
54 549.9319270662144
55 563.8166409396543
56 570.0596652137755
57 576.375978898741
58 577.7676837240913
59 585.1816165735205
60 587.4316881260889
61 590.2940742727426
62 597.0853804954894
63 605.521307156249
64 621.4876676599445
65 627.86106799834
66 633.5230672867677
67 642.6403308974129
68 646.3783272287565
69 656.9696875044506
70 657.255380494708
71 672.1228983347281
72 675.4018901677624
73 687.7877333601816
74 706.7154185506234
75 712.8745410409159
76 722.7662270865449
77 726.6518846456773
78 729.5451940851013
79 745.8703921390182
80 764.4860756150614
81 771.3379084464425
82 777.1060445436749
83 790.7115494749745
84 809.2487674810394
85 821.1265331125043
86 841.9247671434473
87 850.0700083690592
88 878.1310658398078
89 883.635992117673
90 903.1236038320269
91 905.776261330325
92 926.8221931820068
93 955.7402373709859
94 953.6919897285298
95 967.5246877379167
96 993.6316715655329
97 1006.2834999233661
98 1011.6017150123099
99 1039.9412771276113
100 1039.276668019879
101 1076.0136284435998
102 1110.8723972169832
103 1125.4754364416904
104 1130.4558992039313
105 1147.7839667609926
106 1153.2112492421804
107 1170.7356496698878
108 1180.2593380322655
109 1199.829283943053
110 1200.9552653027458
111 1217.587390781607
112 1217.0568409102195
113 1231.3830971789741
114 1237.9712962536792
115 1246.372726980015
116 1230.3556394707468
117 1249.47432350546
118 1257.7384268324395
119 1233.5536320959463
120 1246.9232749369753
121 1292.158777160937
122 1293.5649641992616
123 1294.9231410947611
124 1247.960672359011
125 1248.0620329665355
126 1247.8223050705924
127 1247.2628119910262
128 1246.484080082866
129 1246.9091891678252
130 1246.7411800578627
131 1247.828443284571
132 1247.9334705802596
133 1247.5070943742417
134 1250.4024927811506
135 1295.4525839829687
136 1290.7576463072278
137 1294.5277554851289
138 1292.1574526922673
139 1291.7375598271774
140 1273.8993428025044
141 1273.859538653463
142 1292.9637872514777
143 1291.500210204462
144 1292.1022362784017
145 1292.1754767981454
146 1294.9244403830126
147 1290.7668298333942
148 1294.0586097766243
149 1293.5424465058284
150 1290.7805100845183
151 1290.389194045587
152 1294.5182707172703
153 1292.158777160937
154 1292.1022362784017
155 1292.3039214512394
156 1292.3039214512394
157 1292.158777160937
158 1292.1750061839768
159 1294.5182707172703
160 1290.5217115797295
161 1290.8298533291418
162 1294.9244403830126
163 1294.5182707172703
164 1292.1754767981454
165 1292.158777160937
166 1292.158777160937
167 1292.1256108192845
168 1294.5277554851289
169 1294.5182707172703
170 1294.5182707172703
171 1292.9536995353221
172 1292.9536995353221
173 1293.58697963365
174 1295.0468076728528
175 1294.9470469008165
176 1295.0468076728528
177 1294.5277554851289
178 1294.6190482644374
179 1294.5182707172703
180 1294.5277554851289
181 1292.9536995353221
182 1292.7724752023018
183 1292.9536995353221
184 1295.0345893951078
185 1294.9470469008165
186 1295.0345893951078
187 1294.6190482644374
188 1293.324901386336
189 1294.5182707172703
190 1294.5277554851289
191 1294.5182707172703
192 1294.5182707172703
193 1292.9536995353221
194 1292.9536995353221
195 1293.58697963365
196 1295.0468076728528
197 1294.9470469008165
198 1295.0468076728528
199 1294.5277554851289
200 1293.58697963365
201 1294.5182707172703
202 1294.5277554851289
203 1292.9536995353221
204 1292.7724752023018
205 1292.9536995353221
206 1295.1400845610028
207 1294.9454488172914
208 1295.0345893951078
209 1294.6190482644374
210 1293.319915059673
211 1294.5182707172703
212 1294.5277554851289
213 1294.5182707172703
214 1294.5182707172703
215 1292.9536995353221
216 1292.9536995353221
217 1293.324901386336
218 1295.0468076728528
219 1294.9470469008165
220 1295.0468076728528
221 1294.5277554851289
222 1293.58697963365
223 1294.5182707172703
224 1294.5277554851289
225 1292.9536995353221
226 1292.2418152389014
227 1292.9536995353221
228 1295.1400845610028
229 1294.9454488172914
230 1295.0345893951078
231 1294.6190482644374
232 1293.319915059673
233 1294.5182707172703
234 1294.5277554851289
235 1294.5182707172703
236 1294.5182707172703
237 1292.9536995353221
238 1292.9536995353221
239 1293.324901386336
240 1295.0468076728528
241 1294.9470469008165
242 1295.0468076728528
243 1294.5277554851289
244 1293.58697963365
245 1294.5182707172703
246 1294.5277554851289
247 1292.9536995353221
248 1292.2418152389014
249 1292.9536995353221
250 1295.1400845610028
251 1294.9454488172914
252 1295.0345893951078
253 1294.6190482644374
254 1293.319915059673
255 1294.5182707172703
256 1294.5277554851289
257 1294.5182707172703
258 1294.5182707172703
259 1292.9536995353221
260 1292.9536995353221
261 1293.324901386336
262 1295.0468076728528
263 1294.9470469008165
264 1295.0468076728528
265 1294.5277554851289
266 1293.58697963365
267 1294.5182707172703
268 1294.5277554851289
269 1292.9536995353221
270 1292.2418152389014
271 1292.9536995353221
272 1295.1400845610028
273 1294.9454488172914
274 1295.0345893951078
275 1294.6190482644374
276 1293.319915059673
277 1294.5182707172703
278 1294.5277554851289
279 1294.5182707172703
280 1294.5182707172703
281 1292.9536995353221
282 1292.9536995353221
283 1293.324901386336
284 1295.0468076728528
285 1294.9470469008165
286 1295.0468076728528
287 1294.5277554851289
288 1293.58697963365
289 1294.5182707172703
290 1294.5277554851289
291 1292.9536995353221
292 1292.2418152389014
293 1292.9536995353221
294 1295.1400845610028
295 1294.9454488172914
296 1295.0345893951078
297 1294.6190482644374
298 1293.319915059673
299 1294.5182707172703
