0 2.3532999716910443
1 2.3532904716910443
2 2.3532769216910445
3 2.3532597266910447
4 2.3532392511910447
5 2.3532158232410447
6 2.3531897380860447
7 2.353161261446545
8 2.353130632470995
9 2.3530980663929997
10 2.353063756922804
11 2.353027878399628
12 2.35299058772877
13 2.3529520261249974
14 2.352912320681602
15 2.3528715857825464
16 2.3528299243733963
17 2.3527874291051614
18 2.35274418336375
19 2.3527002621964797
20 2.3526557331459363
21 2.3526106570004472
22 2.352565088469507
23 2.352519076791661
24 2.3524726662815993
25 2.352425896822544
26 2.352378804309394
27 2.352331421047559
28 2.3522837761119075
29 2.3522358956698213
30 2.352187803271944
31 2.352139520113854
32 2.352091065271573
33 2.3520424559135202
34 2.351993707491273
35 2.3519448339112503
36 2.3518958476892298
37 2.3518467600894115
38 2.351797581249575
39 2.351748320293722
40 2.3516989854334542
41 2.3516495840592135
42 2.3516001228223966
43 2.3515506077092616
44 2.35150104410744
45 2.351451436865801
46 2.3514017903483255
47 2.3513521084825975
48 2.3513023948034424
49 2.3512526524922026
50 2.351202884412087
51 2.351153093139983
52 2.351103280995089
53 2.351053450064685
54 2.351003602227321
55 2.3509537391736934
56 2.3509038624254286
57 2.3508539733519904
58 2.350804073185896
59 2.3507541630364113
60 2.3507042439018746
61 2.350654316680792
62 2.3506043821818174
63 2.3505544411327404
64 2.350504494188571
65 2.3504545419388183
66 2.350404584914041
67 2.3503546235917416
68 2.3503046584016722
69 2.3502546897306096
70 2.3502047179266534
71 2.3501547433030927
72 2.350104766141888
73 2.350054786696804
74 2.350004805196228
75 2.34995482184571
76 2.3499048368302438
77 2.349854850316324
78 2.349804862453796
79 2.3497548733775213
80 2.349704883208874
81 2.3496548920570914
82 2.349604900020487
83 2.349554907187543
84 2.3495049136378934
85 2.349454919443209
86 2.3494049246679927
87 2.349354929370298
88 2.349304933602373
89 2.3492549374112404
90 2.349204940839221
91 2.3491549439244035
92 2.349104946701068
93 2.349054949200066
94 2.3490049514491638
95 2.3489549534733523
96 2.3489049552951218
97 2.3488549569347144
98 2.3488049584103474
99 2.348754959738417
100 2.3487049609336803
101 2.348654962009417
102 2.34860496297758
103 2.3485549638489265
104 2.3485049646331384
105 2.348454965338929
106 2.3484049659741406
107 2.348354966545831
108 2.3483049670603524
109 2.3482549675234217
110 2.348204967940184
111 2.3481549683152703
112 2.348104968652848
113 2.3480549689566677
114 2.3480049692301055
115 2.3479549694761994
116 2.347904969697684
117 2.3478549698970204
118 2.3478049700764227
119 2.3477549702378853
120 2.347704970383201
121 2.3476549705139855
122 2.3476049706316915
123 2.347554970737627
124 2.347504970832969
125 2.3474549709187764
126 2.347404970996003
127 2.3473649710655073
128 2.347333971128061
129 2.347311071184359
130 2.347295461235028
131 2.3472864122806296
132 2.347283268221671
133 2.3472854385686084
134 2.347292391880852
135 2.3473036498618716
136 2.347318782044789
137 2.3473374010094146
138 2.3473591580775777
139 2.3473837394389245
140 2.3474108626641366
141 2.3474402735668276
142 2.3474617433792493
143 2.347476066210429
144 2.3474839567584906
145 2.347486058251746
146 2.347482949595676
147 2.347475151805213
148 2.3474631337937963
149 2.347447317583521
150 2.3474280829942735
151 2.3474057718639507
152 2.3473906918466603
153 2.347382119831099
154 2.3473794050170937
155 2.347381961684489
156 2.3473892626851445
157 2.3474008335857346
158 2.3474162473962656
159 2.3474351198257435
160 2.347447105012274
161 2.347452891680151
162 2.3474530996812404
163 2.347448286882221
164 2.3474389553631037
165 2.3474255569958977
166 2.3474084984654127
167 2.347398145787976
168 2.347393828378283
169 2.3473949427095593
170 2.347400945607708
171 2.347411348216042
172 2.3474257105635425
173 2.347433636676293
174 2.3474357701777686
175 2.3474326903290965
176 2.3474249184652916
177 2.347412923787867
178 2.347407128578185
179 2.347406912889471
180 2.3474117187696284
181 2.34742104406177
182 2.3474244368246975
183 2.3474224903113323
184 2.3474157384493037
185 2.347414661773478
186 2.3474186927652347
187 2.347417320657816
188 2.347421085761139
189 2.3474194743541297
190 2.3474130240878215
191 2.347412218848144
192 2.347416494132434
193 2.3474253418882953
194 2.3474283048685702
195 2.347425971550818
196 2.3474188715648405
197 2.347407481577461
198 2.3474022305888194
199 2.347402504699042
200 2.3474077513982423
201 2.3474174734275226
202 2.3474312232538748
203 2.347438598097592
204 2.3474402354569373
205 2.3474367090803483
206 2.347428535341418
207 2.3474161789763808
208 2.3474100582478474
209 2.347409549592167
210 2.347414091802055
211 2.347423179790954
212 2.347426358980963
213 2.3474242202519715
214 2.347417295395879
215 2.3474160630253955
216 2.3474199538919605
217 2.347418455671869
218 2.3474121072737866
219 2.3474113937155123
220 2.347415751513066
221 2.3474246735308637
222 2.3474277033468818
223 2.347425430181298
224 2.347418384332273
225 2.34740704306815
226 2.3474018359304396
227 2.3474021495065003
228 2.347407431724955
229 2.347417185721564
230 2.3474309643185123
231 2.3474383650557655
232 2.3474400257192936
233 2.3474365203164687
234 2.3474283654539265
235 2.3474160260776387
236 2.3474099206389796
237 2.3474094257441864
238 2.3474139803388723
239 2.3474230794740896
240 2.347426268695785
241 2.3474241389953114
242 2.347417222264885
243 2.347415997207501
244 2.3474198946558555
245 2.3474184023593745
246 2.347412059292542
247 2.347411350532392
248 2.3474157126482575
249 2.3474246385525364
250 2.347427671866387
251 2.347425401848853
252 2.3474183588330724
253 2.3474070201188697
254 2.347401815276087
255 2.347402130917583
256 2.3474074149949296
257 2.3474171706645413
258 2.3474309507671918
259 2.347438352859577
260 2.347440014742724
261 2.3474365104375563
262 2.3474283565629053
263 2.3474160180757195
264 2.3474099134372524
265 2.3474094192626316
266 2.347413974505473
267 2.3474230742240305
268 2.347426263970732
269 2.3474241347427633
270 2.3474172184375917
271 2.347415993762937
272 2.347419891555748
273 2.3474183995692774
274 2.3474120567814545
275 2.3474113482724137
276 2.347415710614277
277 2.347424636721954
278 2.3474276702188632
279 2.3474254003660815
280 2.347418357498578
281 2.347407018917825
282 2.3474018141951474
283 2.3474021299447374
284 2.347407414119368
285 2.347417169876536
286 2.347430950057987
287 2.347438352221293
288 2.347440014168268
289 2.347436509920546
290 2.3474283560975957
291 2.3474160176569407
292 2.347409913060351
293 2.3474094189234207
294 2.347413974200183
295 2.3474230739492694
296 2.347426263723447
297 2.347424134520207
298 2.347417218237291
299 2.3474159935826666
