0 2.3532999716910443
1 2.3532904716910443
2 2.3532769216910445
3 2.3532597266910447
4 2.3532392511910447
5 2.3532158232410447
6 2.3531897380860447
7 2.353161261446545
8 2.353130632470995
9 2.3530980663929997
10 2.353063756922804
11 2.353027878399628
12 2.35299058772877
13 2.3529520261249974
14 2.352912320681602
15 2.3528715857825464
16 2.3528299243733963
17 2.3527874291051614
18 2.35274418336375
19 2.3527002621964797
20 2.3526557331459363
21 2.3526106570004472
22 2.352565088469507
23 2.352519076791661
24 2.3524726662815993
25 2.352425896822544
26 2.352378804309394
27 2.352331421047559
28 2.3522837761119075
29 2.3522358956698213
30 2.352187803271944
31 2.352139520113854
32 2.352091065271573
33 2.3520424559135202
34 2.351993707491273
35 2.3519448339112503
36 2.3518958476892298
37 2.3518467600894115
38 2.351797581249575
39 2.351748320293722
40 2.3516989854334542
41 2.3516495840592135
42 2.3516001228223966
43 2.3515506077092616
44 2.35150104410744
45 2.351451436865801
46 2.3514017903483255
47 2.3513521084825975
48 2.3513023948034424
49 2.3512526524922026
50 2.351202884412087
51 2.351153093139983
52 2.351103280995089
53 2.351053450064685
54 2.351003602227321
55 2.3509537391736934
56 2.3509038624254286
57 2.3508539733519904
58 2.350804073185896
59 2.3507541630364113
60 2.3507042439018746
61 2.350654316680792
62 2.3506043821818174
63 2.3505544411327404
64 2.350504494188571
65 2.3504545419388183
66 2.350404584914041
67 2.3503546235917416
68 2.3503046584016722
69 2.3502546897306096
70 2.3502047179266534
71 2.3501547433030927
72 2.350104766141888
73 2.350054786696804
74 2.350004805196228
75 2.34995482184571
76 2.3499048368302438
77 2.349854850316324
78 2.349804862453796
79 2.3497548733775213
80 2.349704883208874
81 2.3496548920570914
82 2.349604900020487
83 2.349554907187543
84 2.3495049136378934
85 2.349454919443209
86 2.3494049246679927
87 2.349354929370298
88 2.349304933602373
89 2.3492549374112404
90 2.349204940839221
91 2.3491549439244035
92 2.349104946701068
93 2.349054949200066
94 2.3490049514491638
95 2.3489549534733523
96 2.3489049552951218
97 2.3488549569347144
98 2.3488049584103474
99 2.348754959738417
100 2.3487049609336803
101 2.348654962009417
102 2.34860496297758
103 2.3485549638489265
104 2.3485049646331384
105 2.348454965338929
106 2.3484049659741406
107 2.348354966545831
108 2.3483049670603524
109 2.3482549675234217
110 2.348204967940184
111 2.3481549683152703
112 2.348104968652848
113 2.3480549689566677
114 2.3480049692301055
115 2.3479549694761994
116 2.347904969697684
117 2.3478549698970204
118 2.3478049700764227
119 2.3477549702378853
120 2.347704970383201
121 2.3476549705139855
122 2.3476149706316916
123 2.347583970737627
124 2.3475610708329686
125 2.3475454609187763
126 2.3475364119960034
127 2.3475332679655074
128 2.347535438338061
129 2.3475423916733593
130 2.347553649675128
131 2.3475687818767197
132 2.3475874008581523
133 2.3476091579414415
134 2.347633739316402
135 2.3476608625538664
136 2.347690273467584
137 2.3477117432899304
138 2.347726066130042
139 2.3477339566861426
140 2.347736058186633
141 2.3477329495370745
142 2.3477251517524715
143 2.347713133746329
144 2.3476973175408005
145 2.347678082955825
146 2.347665771829347
147 2.347659691815517
148 2.34765921980307
149 2.3476637949918677
150 2.3476729126617855
151 2.3476861185647113
152 2.3477030038773448
153 2.3477132006587147
154 2.3477173777619478
155 2.3477161371548574
156 2.347710020608476
157 2.347699515716733
158 2.347685061314164
159 2.347677052351852
160 2.3476748442857716
161 2.347677857026299
162 2.3476855684927735
163 2.3476975088126006
164 2.3477032551004453
165 2.347703426759505
166 2.347698581252659
167 2.347689220296498
168 2.3476857954359525
169 2.3476877130614615
170 2.3476944389244196
171 2.347695492201082
172 2.3476914401500784
173 2.347682793304175
174 2.347680011142862
175 2.3476825071976806
176 2.347689753647017
177 2.34769127545142
178 2.3476876450753825
179 2.3476893777369487
180 2.3476959371323582
181 2.347696840588227
182 2.347692653698509
183 2.3476838854977626
184 2.347680994117091
185 2.347683391874486
186 2.347690549856142
187 2.3476919920396324
188 2.3476882900047737
189 2.347689958173401
190 2.3476864595251654
191 2.3476883107417534
192 2.347694976836683
193 2.347695976322119
194 2.3476918758590117
195 2.3476831854422153
196 2.3476803640670982
197 2.347682824829493
198 2.347690039515648
199 2.347691532733188
200 2.347687876628974
201 2.347689586135181
202 2.3476961246907675
203 2.3476970093907954
204 2.3476928056208206
205 2.3476840222278432
206 2.3476811171741634
207 2.3476835026258516
208 2.347690649532371
209 2.3476920817482387
210 2.3476883707425196
211 2.3476900308373723
212 2.34768652492274
213 2.3476883695995707
214 2.3476950298087185
215 2.347696023996951
216 2.3476919187663605
217 2.3476832240588292
218 2.347680398822051
219 2.3476828561089507
220 2.3476900676671604
221 2.347691558069549
222 2.347687899431699
223 2.347689606657634
224 2.347696143160975
225 2.3476970260139822
226 2.3476928205816887
227 2.3476840356926245
228 2.3476811292924666
229 2.3476835135323246
230 2.347690659348197
231 2.347692090582482
232 2.3476883786933382
233 2.347690037993109
234 2.347686531362903
235 2.3476883753957174
236 2.3476950350252506
237 2.3476960286918303
238 2.347691922991752
239 2.3476832278616815
240 2.347680402244618
241 2.347682859189261
242 2.3476900704394397
243 2.3476915605646003
244 2.347687901677245
245 2.347689608678625
246 2.3476961449798672
247 2.347697027650985
248 2.3476928220549915
249 2.347684037018597
250 2.3476811304858423
251 2.347683514606363
252 2.3476906603148313
253 2.347692091452453
254 2.3476883794763124
255 2.347690038697786
256 2.347686531997112
257 2.3476883759665057
258 2.34769503553896
259 2.347696029154169
260 2.3476919234078566
261 2.3476832282361757
262 2.347680402581663
263 2.3476828594926014
264 2.347690070712446
265 2.3476915608103064
266 2.3476879018983805
267 2.3476896088776473
268 2.3476961451589875
269 2.3476970278121936
270 2.347692822200079
271 2.347684037149176
272 2.347681130603363
273 2.3476835147121315
274 2.347690660410023
275 2.347692091538126
276 2.3476883795534182
277 2.347690038767181
278 2.347686532059568
279 2.347688376022716
280 2.347695035589549
281 2.3476960291996987
282 2.3476919234488336
283 2.347683228273055
284 2.3476804026148543
285 2.347682859522474
286 2.3476900707393313
287 2.347691560834503
288 2.3476879019201577
289 2.3476896088972468
290 2.3476961451766267
291 2.347697027828069
292 2.3476928222143667
293 2.347684037162035
294 2.3476811306149363
295 2.3476835147225477
296 2.347690660419398
297 2.347692091546563
298 2.3476883795610117
299 2.3476900387740156
