# mu	 epsilon	 mse	 qfi	 cfi_det
2.35930497e+00	3.17833239e-02	1.84468894e-01	2.09333953e+01	2.83810179e+01
2.35931447e+00	3.20683239e-02	1.82989162e-01	2.11011867e+01	2.82414256e+01
2.35932802e+00	3.24748239e-02	1.81033206e-01	2.13385303e+01	2.80284595e+01
2.35934522e+00	3.29906739e-02	1.78566672e-01	2.16363769e+01	2.78112499e+01
2.35936569e+00	3.36049389e-02	1.75812268e-01	2.19861857e+01	2.75994796e+01
2.35938912e+00	3.43077774e-02	1.72696414e-01	2.23799804e+01	2.72302745e+01
2.35941521e+00	3.50903320e-02	1.69392819e-01	2.28103805e+01	2.68816788e+01
2.35944368e+00	3.59446312e-02	1.65884183e-01	2.32706114e+01	2.65992976e+01
2.35947431e+00	3.68635005e-02	1.62260847e-01	2.37545016e+01	2.62095522e+01
2.35950688e+00	3.78404828e-02	1.58609353e-01	2.42564672e+01	2.59387969e+01
2.35954119e+00	3.88697669e-02	1.54914546e-01	2.47714890e+01	2.54942426e+01
2.35957706e+00	3.99461226e-02	1.51239532e-01	2.52950841e+01	2.52234775e+01
2.35961436e+00	4.10648427e-02	1.47529789e-01	2.58232726e+01	2.48323875e+01
2.35965292e+00	4.22216908e-02	1.43972929e-01	2.63525434e+01	2.44973594e+01
2.35969262e+00	4.34128541e-02	1.40377317e-01	2.68798177e+01	2.41579584e+01
2.35973336e+00	4.46349011e-02	1.36941278e-01	2.74024133e+01	2.39042307e+01
2.35977502e+00	4.58847434e-02	1.33610911e-01	2.79180094e+01	2.36786458e+01
2.35981751e+00	4.71596014e-02	1.30312632e-01	2.84246127e+01	2.33818180e+01
2.35986076e+00	4.84569737e-02	1.27230317e-01	2.89205249e+01	2.31810632e+01
2.35990468e+00	4.97746087e-02	1.24204228e-01	2.94043125e+01	2.29561988e+01
2.35994921e+00	5.11104802e-02	1.21316046e-01	2.98747786e+01	2.26312906e+01
2.35999429e+00	5.24627646e-02	1.18646198e-01	3.03309370e+01	2.23888663e+01
2.36003985e+00	5.38298205e-02	1.16036681e-01	3.07719878e+01	2.22351048e+01
2.36008587e+00	5.52101708e-02	1.13411133e-01	3.11972956e+01	2.19959176e+01
2.36013228e+00	5.66024861e-02	1.11117955e-01	3.16063703e+01	2.18209012e+01
2.36017905e+00	5.80055699e-02	1.08836842e-01	3.19988482e+01	2.16901324e+01
2.36022614e+00	5.94183453e-02	1.06549303e-01	3.23744767e+01	2.13986994e+01
2.36027352e+00	6.08398432e-02	1.04390127e-01	3.27330990e+01	2.13100452e+01
2.36032117e+00	6.22691912e-02	1.02324564e-01	3.30746420e+01	2.10798254e+01
2.36036905e+00	6.37056045e-02	1.00217076e-01	3.33991042e+01	2.07834875e+01
2.36041714e+00	6.51483764e-02	9.81458821e-02	3.37065453e+01	2.07208595e+01
2.36046542e+00	6.65968712e-02	9.61704312e-02	3.39970777e+01	2.04559953e+01
2.36051388e+00	6.80505164e-02	9.41841783e-02	3.42708580e+01	2.03094122e+01
2.36056249e+00	6.95087972e-02	9.22409475e-02	3.45280800e+01	2.01020321e+01
2.36061124e+00	7.09712498e-02	9.04253259e-02	3.47689688e+01	1.98381965e+01
2.36066011e+00	7.24374573e-02	8.85644695e-02	3.49937748e+01	1.96472464e+01
2.36070910e+00	7.39070439e-02	8.69267229e-02	3.52027694e+01	1.95215536e+01
2.36075818e+00	7.53796719e-02	8.51434550e-02	3.53962408e+01	1.93640016e+01
2.36080736e+00	7.68550371e-02	8.36180589e-02	3.55744901e+01	1.91215676e+01
2.36085662e+00	7.83328658e-02	8.20663177e-02	3.57378289e+01	1.89413879e+01
2.36090596e+00	7.98129116e-02	8.05995864e-02	3.58865756e+01	1.87465079e+01
2.36095536e+00	8.12949528e-02	7.92132988e-02	3.60210542e+01	1.84833538e+01
2.36100482e+00	8.27787899e-02	7.78472803e-02	3.61415917e+01	1.81968800e+01
2.36105434e+00	8.42642433e-02	7.65903398e-02	3.62485166e+01	1.80953201e+01
2.36110390e+00	8.57511514e-02	7.54000410e-02	3.63421575e+01	1.78749043e+01
2.36115351e+00	8.72393686e-02	7.42967168e-02	3.64228423e+01	1.77092967e+01
2.36120315e+00	8.87287641e-02	7.30819278e-02	3.64908967e+01	1.74857143e+01
2.36125283e+00	9.02192201e-02	7.20830981e-02	3.65466436e+01	1.73301143e+01
2.36130255e+00	9.17106305e-02	7.10198779e-02	3.65904028e+01	1.71562269e+01
2.36135229e+00	9.32028998e-02	6.98938416e-02	3.66224901e+01	1.69077305e+01
2.36140206e+00	9.46959422e-02	6.88054646e-02	3.66432170e+01	1.67141529e+01
2.36145185e+00	9.61896804e-02	6.80245181e-02	3.66528906e+01	1.66475502e+01
2.36150166e+00	9.76840447e-02	6.71065570e-02	3.66518131e+01	1.64799995e+01
2.36155149e+00	9.88789726e-02	6.62598555e-02	3.66434199e+01	1.63297367e+01
2.36160134e+00	9.98044078e-02	6.57249082e-02	3.66324282e+01	1.62494290e+01
2.36165120e+00	1.00335348e-01	6.54339513e-02	3.66243828e+01	1.62629315e+01
2.36170108e+00	1.00335348e-01	6.55353177e-02	3.66243828e+01	1.64119729e+01
2.36175097e+00	1.00335348e-01	6.55586434e-02	3.66243828e+01	1.65065244e+01
2.36180087e+00	1.00335348e-01	6.55070418e-02	3.66243828e+01	1.64293930e+01
2.36185078e+00	1.00267543e-01	6.58787283e-02	3.66254802e+01	1.65576161e+01
2.36190070e+00	1.00056519e-01	6.60494998e-02	3.66287648e+01	1.67339755e+01
2.36195063e+00	9.97165967e-02	6.63721693e-02	3.66336372e+01	1.69793495e+01
2.36200056e+00	9.92606670e-02	6.66352298e-02	3.66393565e+01	1.70253821e+01
2.36205050e+00	9.87003302e-02	6.70624064e-02	3.66450932e+01	1.72184937e+01
2.36210045e+00	9.80460272e-02	6.76556167e-02	3.66499686e+01	1.74748556e+01
2.36215040e+00	9.73071544e-02	6.82066241e-02	3.66530821e+01	1.76171116e+01
2.36220036e+00	9.64921689e-02	6.88168360e-02	3.66535307e+01	1.78105968e+01
2.36225032e+00	9.59086820e-02	6.94307173e-02	3.66519011e+01	1.81799245e+01
2.36230028e+00	9.55335437e-02	6.96645228e-02	3.66499837e+01	1.83415779e+01
2.36235025e+00	9.53459193e-02	6.99608109e-02	3.66487674e+01	1.85608509e+01
2.36240023e+00	9.53270574e-02	6.99497385e-02	3.66486356e+01	1.86660511e+01
2.36245020e+00	9.54600816e-02	6.99645332e-02	3.66495280e+01	1.87471986e+01
2.36250018e+00	9.57298034e-02	6.97563514e-02	3.66510722e+01	1.87675835e+01
2.36255016e+00	9.61225530e-02	6.95620516e-02	3.66526889e+01	1.88739978e+01
2.36260014e+00	9.66260277e-02	6.91952055e-02	3.66536740e+01	1.88951290e+01
2.36265012e+00	9.72291548e-02	6.89757172e-02	3.66532613e+01	1.90489996e+01
2.36270011e+00	9.76219693e-02	6.86927104e-02	3.66520680e+01	1.90461651e+01
2.36275009e+00	9.78255023e-02	6.87332917e-02	3.66511651e+01	1.91614414e+01
2.36280008e+00	9.78586821e-02	6.87754845e-02	3.66509995e+01	1.93429476e+01
2.36285007e+00	9.77385438e-02	6.89055496e-02	3.66515745e+01	1.94453087e+01
2.36290006e+00	9.74804194e-02	6.91550324e-02	3.66525816e+01	1.97431995e+01
2.36295005e+00	9.70981074e-02	6.94163018e-02	3.66534977e+01	1.97982441e+01
2.36300004e+00	9.66040266e-02	6.99941255e-02	3.66536564e+01	2.01434248e+01
2.36305004e+00	9.63093539e-02	7.03761523e-02	3.66531964e+01	2.04222212e+01
2.36310003e+00	9.61941485e-02	7.05344229e-02	3.66529033e+01	2.05747516e+01
2.36315002e+00	9.62404636e-02	7.04513652e-02	3.66530288e+01	2.06424838e+01
2.36320002e+00	9.64321472e-02	7.02578684e-02	3.66534387e+01	2.06577764e+01
2.36325001e+00	9.67546624e-02	7.01333549e-02	3.66537311e+01	2.07156828e+01
2.36330001e+00	9.71949261e-02	6.98906063e-02	3.66533309e+01	2.08114542e+01
2.36335001e+00	9.74411635e-02	7.00184944e-02	3.66527074e+01	2.10518256e+01
2.36340000e+00	9.75127771e-02	7.00603062e-02	3.66524725e+01	2.11875204e+01
2.36345000e+00	9.74272293e-02	7.02026765e-02	3.66527503e+01	2.13349028e+01
2.36350000e+00	9.72002364e-02	7.03896838e-02	3.66533205e+01	2.14741627e+01
2.36354999e+00	9.68459427e-02	7.06630811e-02	3.66537237e+01	2.16749404e+01
2.36359999e+00	9.63770784e-02	7.10793560e-02	3.66533390e+01	2.18819252e+01
2.36364999e+00	9.61051005e-02	7.13411399e-02	3.66526329e+01	2.20447884e+01
2.36369999e+00	9.60103204e-02	7.14129480e-02	3.66523031e+01	2.20548367e+01
2.36374999e+00	9.60750183e-02	7.14548909e-02	3.66525329e+01	2.24097231e+01
2.36379998e+00	9.62832464e-02	7.13276619e-02	3.66531356e+01	2.24832239e+01
2.36384998e+00	9.66206518e-02	7.12216522e-02	3.66536699e+01	2.24212076e+01
2.36389998e+00	9.70743165e-02	7.08830516e-02	3.66535319e+01	2.22983420e+01
2.36394998e+00	9.73326148e-02	7.08756205e-02	3.66530174e+01	2.25849919e+01
2.36399998e+00	9.74150833e-02	7.09048273e-02	3.66527869e+01	2.26634391e+01
2.36404998e+00	9.73393049e-02	7.08507232e-02	3.66529999e+01	2.27545306e+01
2.36409998e+00	9.71211044e-02	7.11586696e-02	3.66534621e+01	2.29053325e+01
2.36414998e+00	9.67747239e-02	7.15858272e-02	3.66537328e+01	2.31182445e+01
2.36419998e+00	9.65983246e-02	7.17467192e-02	3.66536514e+01	2.35345327e+01
2.36424998e+00	9.65895652e-02	7.17362585e-02	3.66536435e+01	2.36423722e+01
2.36429998e+00	9.67316818e-02	7.16437206e-02	3.66537267e+01	2.37153534e+01
2.36434998e+00	9.70095867e-02	7.15394902e-02	3.66536114e+01	2.37952534e+01
2.36439998e+00	9.71097011e-02	7.15867719e-02	3.66534801e+01	2.39834000e+01
2.36444998e+00	9.70498040e-02	7.16967523e-02	3.66535643e+01	2.40788842e+01
2.36449997e+00	9.68458967e-02	7.18111142e-02	3.66537237e+01	2.41315518e+01
2.36454997e+00	9.65123801e-02	7.18911000e-02	3.66535579e+01	2.41873724e+01
2.36459997e+00	9.63622152e-02	7.17437026e-02	3.66533096e+01	2.43734978e+01
2.36464997e+00	9.63770667e-02	7.19184848e-02	3.66533389e+01	2.46116678e+01
2.36469997e+00	9.65404331e-02	7.17471924e-02	3.66535923e+01	2.47555731e+01
2.36474997e+00	9.68374629e-02	7.15699755e-02	3.66537261e+01	2.47914895e+01
2.36479997e+00	9.69547897e-02	7.13774827e-02	3.66536632e+01	2.48048294e+01
2.36484997e+00	9.69103838e-02	7.12594478e-02	3.66536947e+01	2.49166265e+01
2.36489997e+00	9.67204185e-02	7.14136139e-02	3.66537236e+01	2.50308283e+01
2.36494997e+00	9.66994497e-02	7.12563004e-02	3.66537162e+01	2.50588371e+01
2.36499997e+00	9.68305778e-02	7.11947904e-02	3.66537277e+01	2.52116026e+01
2.36504997e+00	9.67985931e-02	7.12010930e-02	3.66537325e+01	2.52558132e+01
2.36509997e+00	9.66198069e-02	7.12292676e-02	3.66536693e+01	2.53682896e+01
2.36514997e+00	9.66088992e-02	7.09489012e-02	3.66536605e+01	2.54437145e+01
2.36519997e+00	9.67490824e-02	7.07094703e-02	3.66537302e+01	2.54720161e+01
2.36524997e+00	9.70252472e-02	7.03937655e-02	3.66535940e+01	2.54498910e+01
2.36529997e+00	9.71237956e-02	7.01255901e-02	3.66534578e+01	2.54026932e+01
2.36534997e+00	9.70624891e-02	7.01450581e-02	3.66535479e+01	2.55222733e+01
2.36539997e+00	9.68573133e-02	7.01383663e-02	3.66537200e+01	2.54190187e+01
2.36544997e+00	9.65226550e-02	7.01401471e-02	3.66535709e+01	2.56142675e+01
2.36549997e+00	9.63714626e-02	7.01711715e-02	3.66533280e+01	2.57847931e+01
2.36554997e+00	9.63853894e-02	7.01173146e-02	3.66533549e+01	2.58428263e+01
2.36559997e+00	9.65479235e-02	6.97868591e-02	3.66536008e+01	2.56610682e+01
2.36563997e+00	9.68442042e-02	6.93955917e-02	3.66537242e+01	2.55572301e+01
2.36567097e+00	9.69608569e-02	6.91499021e-02	3.66536581e+01	2.53818588e+01
2.36569387e+00	9.69158443e-02	6.90108581e-02	3.66536913e+01	2.54429750e+01
2.36570948e+00	9.67253329e-02	6.91448514e-02	3.66537250e+01	2.54746655e+01
2.36571853e+00	9.67038727e-02	6.91604538e-02	3.66537180e+01	2.54808193e+01
2.36572167e+00	9.68345585e-02	6.90655143e-02	3.66537268e+01	2.54433548e+01
2.36571950e+00	9.68021757e-02	6.90890229e-02	3.66537322e+01	2.54526359e+01
2.36571255e+00	9.66230312e-02	6.92192719e-02	3.66536717e+01	2.55040069e+01
2.36570129e+00	9.66118012e-02	6.92275995e-02	3.66536629e+01	2.55127476e+01
2.36568616e+00	9.67516941e-02	6.92138295e-02	3.66537306e+01	2.54899903e+01
2.36566754e+00	9.70275978e-02	6.91035208e-02	3.66535913e+01	2.53532812e+01
2.36564579e+00	9.71259111e-02	6.91975565e-02	3.66534543e+01	2.54562044e+01
2.36562120e+00	9.70643931e-02	6.93668981e-02	3.66535454e+01	2.55974109e+01
2.36559408e+00	9.68590268e-02	6.95539686e-02	3.66537194e+01	2.56136935e+01
2.36556467e+00	9.65241972e-02	7.00229463e-02	3.66535728e+01	2.57648361e+01
2.36554320e+00	9.63728506e-02	7.01122264e-02	3.66533307e+01	2.58546883e+01
2.36552888e+00	9.63866386e-02	7.01059942e-02	3.66533573e+01	2.58003966e+01
2.36552099e+00	9.65490478e-02	7.00035872e-02	3.66536021e+01	2.57453336e+01
2.36551889e+00	9.68452161e-02	6.97841505e-02	3.66537239e+01	2.56596029e+01
2.36552199e+00	9.69617676e-02	6.96984398e-02	3.66536574e+01	2.56253701e+01
2.36552979e+00	9.69166639e-02	6.97132836e-02	3.66536908e+01	2.56468557e+01
2.36554181e+00	9.67260706e-02	6.98501321e-02	3.66537252e+01	2.57524106e+01
2.36555763e+00	9.67045366e-02	6.98811831e-02	3.66537182e+01	2.57351572e+01
2.36557686e+00	9.68351560e-02	6.95696887e-02	3.66537266e+01	2.56087745e+01
2.36558917e+00	9.68027135e-02	6.95914820e-02	3.66537321e+01	2.56471537e+01
2.36559525e+00	9.66235152e-02	6.97339230e-02	3.66536721e+01	2.56847699e+01
2.36559572e+00	9.66122367e-02	6.97403004e-02	3.66536632e+01	2.56809102e+01
2.36559115e+00	9.67520861e-02	6.96326634e-02	3.66537307e+01	2.56459789e+01
2.36558203e+00	9.70279506e-02	6.94275410e-02	3.66535909e+01	2.55513595e+01
2.36556882e+00	9.71262286e-02	6.95771824e-02	3.66534538e+01	2.55816320e+01
2.36556194e+00	9.70646788e-02	6.96247239e-02	3.66535450e+01	2.56084490e+01
2.36556074e+00	9.68592840e-02	6.97667914e-02	3.66537193e+01	2.56856833e+01
2.36556467e+00	9.65244287e-02	7.00227745e-02	3.66535731e+01	2.57647691e+01
2.36557320e+00	9.63730589e-02	7.01244927e-02	3.66533311e+01	2.57960229e+01
2.36557587e+00	9.63868261e-02	6.99000975e-02	3.66533577e+01	2.57381910e+01
2.36557328e+00	9.65492165e-02	6.99800971e-02	3.66536023e+01	2.57453778e+01
2.36556595e+00	9.68453680e-02	6.97850988e-02	3.66537239e+01	2.56617697e+01
2.36556435e+00	9.69619042e-02	6.96991162e-02	3.66536572e+01	2.56382331e+01
2.36556792e+00	9.69167869e-02	6.97323660e-02	3.66536907e+01	2.56411536e+01
2.36557612e+00	9.67261813e-02	6.96498035e-02	3.66537252e+01	2.56402048e+01
2.36557851e+00	9.67046362e-02	6.96648944e-02	3.66537183e+01	2.56434223e+01
2.36557565e+00	9.68352457e-02	6.97621016e-02	3.66537266e+01	2.56631502e+01
2.36556808e+00	9.68027942e-02	6.98165594e-02	3.66537321e+01	2.56740627e+01
2.36556627e+00	9.66235878e-02	6.99491997e-02	3.66536722e+01	2.57258365e+01
2.36556964e+00	9.66123021e-02	6.99567120e-02	3.66536633e+01	2.57299879e+01
2.36556768e+00	9.67521450e-02	6.98540127e-02	3.66537307e+01	2.56886909e+01
2.36557091e+00	9.70280036e-02	6.96485492e-02	3.66535908e+01	2.56073187e+01
2.36556881e+00	9.71262763e-02	6.95771474e-02	3.66534537e+01	2.55816183e+01
2.36557193e+00	9.70647217e-02	6.96214296e-02	3.66535449e+01	2.55967175e+01
2.36556973e+00	9.68593226e-02	6.97739382e-02	3.66537193e+01	2.56586327e+01
2.36556276e+00	9.65244634e-02	7.00240387e-02	3.66535732e+01	2.57646604e+01
2.36556148e+00	9.63730902e-02	7.01364929e-02	3.66533312e+01	2.58085085e+01
2.36556533e+00	9.63868542e-02	7.01249822e-02	3.66533577e+01	2.58046189e+01
2.36557379e+00	9.65492419e-02	6.99744759e-02	3.66536023e+01	2.57456011e+01
2.36557641e+00	9.68453908e-02	6.95621709e-02	3.66537239e+01	2.56058235e+01
2.36557377e+00	9.69619248e-02	6.96697221e-02	3.66536572e+01	2.56264580e+01
2.36556639e+00	9.69168054e-02	6.97323524e-02	3.66536907e+01	2.56411482e+01
2.36556475e+00	9.67261979e-02	6.98732444e-02	3.66537252e+01	2.57063745e+01
2.36556827e+00	9.67046512e-02	6.98891577e-02	3.66537183e+01	2.57024111e+01
2.36557644e+00	9.68352591e-02	6.95696129e-02	3.66537266e+01	2.56087448e+01
2.36557879e+00	9.68028063e-02	6.95928282e-02	3.66537321e+01	2.56150629e+01
2.36557591e+00	9.66235987e-02	6.97253343e-02	3.66536722e+01	2.56698071e+01
2.36556832e+00	9.66123119e-02	6.99575572e-02	3.66536633e+01	2.57290958e+01
2.36556648e+00	9.67521538e-02	6.98540062e-02	3.66537307e+01	2.56886883e+01
2.36556983e+00	9.70280115e-02	6.96494975e-02	3.66535908e+01	2.56099551e+01
